CCLE_name	Chromosome	Start	End	Num_Probes	Segment_Mean
CCL_B	1	61735	229116	20	-1.0955
CCL_B	1	229117	229648	3	2.43
CCL_B	1	229649	549586	8	0.5329
CCL_B	1	549587	4378022	1321	-0.3401
CCL_B	1	4378023	4380767	8	-0.9609
CCL_B	1	4380768	12901242	5183	-0.4209
CCL_B	1	12901243	12927481	7	-2.4269
CCL_B	1	12927482	13294896	9	-0.4303
CCL_B	1	13294897	13380607	8	-1.4741
CCL_B	1	13380608	16354597	1927	-0.3822
CCL_B	1	16354598	16384491	7	0.6451
CCL_B	1	16384492	17594151	610	-0.3261
CCL_B	1	17594152	17621331	22	0.6821
CCL_B	1	17621332	25588234	5002	-0.3993
CCL_B	1	25588235	25654243	28	-2.0949
CCL_B	1	25654244	26635962	442	-0.4287
CCL_B	1	26635963	26724962	60	-0.0439
CCL_B	1	26724963	34233651	3785	-0.4153
CCL_B	1	34233652	40783150	3758	0.0605
CCL_B	1	40783151	40791628	4	1.3483
CCL_B	1	40791629	72765894	20783	0.112
CCL_B	1	72765895	72811140	47	-1.5385
CCL_B	1	72811141	80034903	4522	0.0967
CCL_B	1	80034904	80039925	2	1.7802
CCL_B	1	80039926	90407962	7030	0.1255
CCL_B	1	90407963	90431092	10	0.7901
CCL_B	1	90431093	95134199	2898	0.1435
CCL_B	1	95134200	95135131	4	1.4858
CCL_B	1	95135132	104161441	5613	0.1248
CCL_B	1	104161442	104259738	23	-0.4577
CCL_B	1	104259739	106016290	922	0.0927
CCL_B	1	106016291	106023215	17	1.2901
CCL_B	1	106023216	110213164	2650	0.12
CCL_B	1	110213165	110230244	20	-0.4631
CCL_B	1	110230245	110241565	17	-1.8634
CCL_B	1	110241566	111379161	847	0.0875
CCL_B	1	111379162	111392682	32	0.4958
CCL_B	1	111392683	148513797	7414	0.1056
CCL_B	1	148513798	149110708	96	-0.2218
CCL_B	1	149110709	152756656	1819	0.0932
CCL_B	1	152756657	152771302	41	0.6803
CCL_B	1	152771303	161446129	5237	0.0848
CCL_B	1	161446130	169225455	6088	-0.2624
CCL_B	1	169225456	169242083	7	-2.6928
CCL_B	1	169242084	196721361	18183	-0.2546
CCL_B	1	196721362	196814160	93	0.9599
CCL_B	1	196814161	233525945	24740	-0.2478
CCL_B	1	233525946	233528621	3	0.8075
CCL_B	1	233528622	240392877	5254	-0.3169
CCL_B	1	240392878	240395122	6	1.0587
CCL_B	1	240395123	248743320	5742	-0.4243
CCL_B	1	248743321	248813926	38	-2.0752
CCL_B	1	248813927	248866620	33	-0.2991
CCL_B	1	248866621	248877275	7	0.5737
CCL_B	1	248877276	249224388	99	-0.4769
CCL_B	2	12784	4200557	2983	0.0711
CCL_B	2	4200558	4227040	46	-0.3478
CCL_B	2	4227041	34700354	21063	0.0753
CCL_B	2	34700355	34737110	45	-2.5794
CCL_B	2	34737111	41238339	4821	0.0987
CCL_B	2	41238340	41238645	5	1.3331
CCL_B	2	41238646	41248560	18	0.5291
CCL_B	2	41248561	52749196	8188	0.085
CCL_B	2	52749197	52756817	7	-1.3433
CCL_B	2	52756818	55324976	2012	0.0781
CCL_B	2	55324977	55329360	15	0.6477
CCL_B	2	55329361	86945378	19933	0.0879
CCL_B	2	86945379	86962130	2	-2.5094
CCL_B	2	86962131	89132095	746	0.0875
CCL_B	2	89132096	89159534	40	0.7832
CCL_B	2	89159535	89249937	43	1.8313
CCL_B	2	89249938	89500818	83	0.9791
CCL_B	2	89500819	97739652	1139	0.0602
CCL_B	2	97739653	97861632	47	-1.0405
CCL_B	2	97861633	97981467	24	-0.0913
CCL_B	2	97981468	98161949	23	-1.245
CCL_B	2	98161950	110472361	7693	0.1011
CCL_B	2	110472362	110607560	3	2.1454
CCL_B	2	110607561	133684020	13466	0.0822
CCL_B	2	133684021	133873815	166	0.6829
CCL_B	2	133873816	134042801	110	0.0798
CCL_B	2	134042802	134082608	28	-0.415
CCL_B	2	134082609	141514228	4784	0.0921
CCL_B	2	141514229	141714749	100	-1.4649
CCL_B	2	141714750	141730795	11	-4.3341
CCL_B	2	141730796	142278174	399	-0.9478
CCL_B	2	142278175	146863244	2762	0.1643
CCL_B	2	146863245	146872370	24	-2.1898
CCL_B	2	146872371	184366756	23008	0.178
CCL_B	2	184366757	184368625	2	-2.0334
CCL_B	2	184368626	194831173	5905	0.1544
CCL_B	2	194831174	195045514	131	0.8012
CCL_B	2	195045515	221795418	16533	0.0894
CCL_B	2	221795419	221796408	2	1.5711
CCL_B	2	221796409	225857911	2754	0.1074
CCL_B	2	225857912	225859265	2	2.3378
CCL_B	2	225859266	226925846	692	0.0496
CCL_B	2	226925847	226927390	2	-1.2894
CCL_B	2	226927391	243089456	10077	0.0849
CCL_B	3	60345	1848353	1604	-0.1657
CCL_B	3	1848354	1854021	3	1.5946
CCL_B	3	1854022	20314123	13691	-0.1088
CCL_B	3	20314124	20322082	2	-4.3452
CCL_B	3	20322083	20652829	229	-0.1067
CCL_B	3	20652830	23567724	2154	-0.422
CCL_B	3	23567725	23569159	2	-2.5101
CCL_B	3	23569160	46792461	15532	-0.378
CCL_B	3	46792462	46854534	41	0.618
CCL_B	3	46854535	53022908	2490	-0.4081
CCL_B	3	53022909	53038699	32	0.0205
CCL_B	3	53038700	54205793	769	-0.4407
CCL_B	3	54205794	54210347	3	-2.2096
CCL_B	3	54210348	60460664	4660	-0.4077
CCL_B	3	60460665	60464128	8	-1.4821
CCL_B	3	60464129	60647515	210	-0.6315
CCL_B	3	60647516	60657167	4	-2.3769
CCL_B	3	60657168	60683484	27	-0.9733
CCL_B	3	60683485	65786367	4400	-0.3697
CCL_B	3	65786368	65937591	128	-0.9764
CCL_B	3	65937592	68746211	1820	-0.4094
CCL_B	3	68746212	68748085	14	-1.6319
CCL_B	3	68748086	84699775	9929	-0.3999
CCL_B	3	84699776	84702148	13	-1.6815
CCL_B	3	84702149	95461493	4133	-0.3755
CCL_B	3	95461494	95468395	2	-3.3212
CCL_B	3	95468396	114981516	11515	-0.3803
CCL_B	3	114981517	115046516	51	-1.2572
CCL_B	3	115046517	136021025	13133	-0.3965
CCL_B	3	136021026	136031983	2	-3.1878
CCL_B	3	136031984	138880325	1417	-0.3802
CCL_B	3	138880326	162510462	14832	0.6914
CCL_B	3	162510463	162627608	72	1.6008
CCL_B	3	162627609	162716122	70	0.7122
CCL_B	3	162716123	162722860	2	2.2508
CCL_B	3	162722861	163658948	504	0.6723
CCL_B	3	163658949	163659024	5	1.9443
CCL_B	3	163659025	169349403	3327	0.72
CCL_B	3	169349404	169351531	2	2.3948
CCL_B	3	169351532	186406034	10540	0.6673
CCL_B	3	186406035	186409499	2	2.0501
CCL_B	3	186409500	192876324	4735	0.6945
CCL_B	3	192876325	192878707	5	-0.3351
CCL_B	3	192878708	192884669	15	-1.7209
CCL_B	3	192884670	197896118	2703	0.6866
CCL_B	4	12281	51473	44	-0.5139
CCL_B	4	51474	60423	6	-1.336
CCL_B	4	60424	5316084	2554	-0.3948
CCL_B	4	5316085	5320360	2	2.7578
CCL_B	4	5320361	9451635	2627	-0.3871
CCL_B	4	9451636	9482716	10	-1.4984
CCL_B	4	9482717	10212275	543	-0.3909
CCL_B	4	10212276	10232856	29	-2.4846
CCL_B	4	10232857	34782777	16982	-0.3783
CCL_B	4	34782778	34827298	38	-2.8174
CCL_B	4	34827299	69352550	19480	-0.3885
CCL_B	4	69352551	69487657	69	0.3534
CCL_B	4	69487658	70125577	327	-0.424
CCL_B	4	70125578	70279490	78	0.0456
CCL_B	4	70279491	115174511	27304	-0.3711
CCL_B	4	115174512	115184240	24	0.635
CCL_B	4	115184241	151876378	21657	-0.3832
CCL_B	4	151876379	151884308	23	0.586
CCL_B	4	151884309	156068792	2601	-0.4121
CCL_B	4	156068793	156070382	3	-1.8515
CCL_B	4	156070383	156968231	660	-0.4196
CCL_B	4	156968232	156968385	2	2.526
CCL_B	4	156968386	172372115	9766	-0.3831
CCL_B	4	172372116	172379073	12	-1.3067
CCL_B	4	172379074	172842030	280	-0.4041
CCL_B	4	172842031	172848301	3	0.7713
CCL_B	4	172848302	172988538	113	-0.4333
CCL_B	4	172988539	172992756	12	-1.9927
CCL_B	4	172992757	189221309	10937	-0.3848
CCL_B	4	189221310	189221399	2	-3.2569
CCL_B	4	189221400	190195370	783	-0.3261
CCL_B	4	190195371	190199517	3	-3.3173
CCL_B	4	190199518	191027923	383	-0.351
CCL_B	5	15532	698421	308	0.9415
CCL_B	5	698422	822861	50	0.2135
CCL_B	5	822862	1092572	96	0.8441
CCL_B	5	1092573	1102675	2	2.6161
CCL_B	5	1102676	12788065	9760	0.9142
CCL_B	5	12788066	12838255	17	0.2389
CCL_B	5	12838256	21450209	5538	1.0217
CCL_B	5	21450210	21452467	5	-1.1968
CCL_B	5	21452468	21566828	37	0.607
CCL_B	5	21566829	46197774	14966	1.0112
CCL_B	5	46197775	46204367	2	2.965
CCL_B	5	46204368	46261157	13	1.1706
CCL_B	5	46261158	46275857	8	-2.9899
CCL_B	5	46275858	47911052	19	0.918
CCL_B	5	47911053	57323836	5059	0.129
CCL_B	5	57323837	57332311	22	2.6542
CCL_B	5	57332312	57335825	7	1.1963
CCL_B	5	57335826	64319973	4381	0.121
CCL_B	5	64319974	64326590	2	-1.7342
CCL_B	5	64326591	65834806	912	0.1157
CCL_B	5	65834807	65840655	4	-0.9691
CCL_B	5	65840656	72530159	3163	0.1163
CCL_B	5	72530160	72533698	2	1.7419
CCL_B	5	72533699	117388750	27815	0.103
CCL_B	5	117388751	117396712	6	-0.8485
CCL_B	5	117396713	150200721	20409	0.1066
CCL_B	5	150200722	150218017	8	0.9517
CCL_B	5	150218018	162606053	8398	0.2747
CCL_B	5	162606054	162649341	33	-0.238
CCL_B	5	162649342	162860179	143	0.3172
CCL_B	5	162860180	162864545	2	-2.7329
CCL_B	5	162864546	166649674	2529	0.3615
CCL_B	5	166649675	166661209	3	2.2287
CCL_B	5	166661210	180790320	9377	0.3392
CCL_B	6	149661	6030071	4855	-0.4041
CCL_B	6	6030072	6035740	3	-3.5197
CCL_B	6	6035741	22104949	12085	-0.4
CCL_B	6	22104950	23060993	775	0.1214
CCL_B	6	23060994	23062626	2	-1.802
CCL_B	6	23062627	24323923	915	0.0933
CCL_B	6	24323924	24327495	2	-1.4898
CCL_B	6	24327496	25014585	496	0.0817
CCL_B	6	25014586	26049608	716	-0.4141
CCL_B	6	26049609	26235640	110	-4.6281
CCL_B	6	26235641	26734719	301	-0.4346
CCL_B	6	26734720	26760208	16	-1.9259
CCL_B	6	26760209	29836669	1440	-0.3987
CCL_B	6	29836670	29850235	20	-1.4823
CCL_B	6	29850236	30046176	109	-0.4447
CCL_B	6	30046177	31238358	518	0.3791
CCL_B	6	31238359	32590239	609	-0.3434
CCL_B	6	32590240	32602188	7	-1.9374
CCL_B	6	32602189	32623249	8	-0.3474
CCL_B	6	32623250	32638615	6	1.0759
CCL_B	6	32638616	33051177	279	-0.3906
CCL_B	6	33051178	33055633	3	-2.3935
CCL_B	6	33055634	33938371	523	-0.3914
CCL_B	6	33938372	33943645	7	-2.7783
CCL_B	6	33943646	34132493	121	-0.4089
CCL_B	6	34132494	34134618	2	1.2333
CCL_B	6	34134619	35689168	784	-0.3834
CCL_B	6	35689169	35695499	2	-2.8931
CCL_B	6	35695500	53931190	12000	-0.3909
CCL_B	6	53931191	53933601	6	-2.4243
CCL_B	6	53933602	55621509	1070	-0.2991
CCL_B	6	55621510	56633598	628	0.4707
CCL_B	6	56633599	57058501	197	0.8535
CCL_B	6	57058502	57299166	115	-0.2963
CCL_B	6	57299167	57394154	44	0.2355
CCL_B	6	57394155	57526085	36	-0.143
CCL_B	6	57526086	58140371	235	0.4926
CCL_B	6	58140372	60330578	250	-0.2922
CCL_B	6	60330579	62206674	91	0.6476
CCL_B	6	62206675	62242128	22	0.2208
CCL_B	6	62242129	62701723	304	0.6545
CCL_B	6	62701724	77438200	9304	0.1213
CCL_B	6	77438201	77452387	15	-3.926
CCL_B	6	77452388	77456915	6	-1.7229
CCL_B	6	77456916	170918763	60861	0.1179
CCL_B	6	170918764	171051005	5	-0.7593
CCL_B	7	43355	29669654	21472	0.6456
CCL_B	7	29669655	29690571	10	-0.0845
CCL_B	7	29690572	38389404	6066	0.5951
CCL_B	7	38389405	38397261	4	-1.887
CCL_B	7	38397262	54386507	11007	0.6395
CCL_B	7	54386508	54390002	5	6.8743
CCL_B	7	54390003	61937650	2139	0.6378
CCL_B	7	61937651	64594635	996	0.0632
CCL_B	7	64594636	64651494	8	0.9481
CCL_B	7	64651495	64788899	68	0.0533
CCL_B	7	64788900	64856763	40	0.4173
CCL_B	7	64856764	70043792	2763	0.0128
CCL_B	7	70043793	70107079	57	-1.2151
CCL_B	7	70107080	79732967	4775	0.0303
CCL_B	7	79732968	79824506	68	0.4465
CCL_B	7	79824507	83179158	2297	0.1259
CCL_B	7	83179159	87170906	2458	1.1473
CCL_B	7	87170907	121090361	20152	0.5733
CCL_B	7	121090362	126045228	3034	-0.3598
CCL_B	7	126045229	126046878	15	0.7354
CCL_B	7	126046879	143914612	11291	-0.3989
CCL_B	7	143914613	143942595	6	0.3501
CCL_B	7	143942596	143952901	5	0.9547
CCL_B	7	143952902	144003032	10	0.2279
CCL_B	7	144003033	150565643	4095	-0.4107
CCL_B	7	150565644	150573567	7	-4.3031
CCL_B	7	150573568	157055641	4306	-0.4164
CCL_B	7	157055642	157083487	17	0.2392
CCL_B	7	157083488	159127004	1276	-0.3844
CCL_B	8	31254	161947	6	-0.5782
CCL_B	8	161948	593992	316	-5.0858
CCL_B	8	593993	595883	8	-1.1906
CCL_B	8	595884	1360226	525	-5.2033
CCL_B	8	1360227	1367645	38	-3.161
CCL_B	8	1367646	2076341	563	-5.3052
CCL_B	8	2076342	2084027	27	-2.5504
CCL_B	8	2084028	2210349	123	-5.3726
CCL_B	8	2210350	2292130	79	-3.4065
CCL_B	8	2292131	2697407	371	-5.2469
CCL_B	8	2697408	2716155	55	-3.6391
CCL_B	8	2716156	3787236	1288	-5.4701
CCL_B	8	3787237	3790662	22	-2.3374
CCL_B	8	3790663	3846273	92	-5.7507
CCL_B	8	3846274	3905452	85	0.3668
CCL_B	8	3905453	3932783	44	-0.0255
CCL_B	8	3932784	3945500	7	-2.551
CCL_B	8	3945501	3952806	13	-0.1075
CCL_B	8	3952807	3988095	64	0.4822
CCL_B	8	3988096	4002199	22	-0.1766
CCL_B	8	4002200	4002484	3	-2.6909
CCL_B	8	4002485	4168813	395	-0.0217
CCL_B	8	4168814	4337854	268	0.3696
CCL_B	8	4337855	5075620	938	1.1477
CCL_B	8	5075621	5075795	6	2.427
CCL_B	8	5075796	5575413	663	1.1042
CCL_B	8	5575414	5579847	10	1.9136
CCL_B	8	5579848	5947809	485	1.0721
CCL_B	8	5947810	7244199	1298	0.3356
CCL_B	8	7244200	7818414	151	-0.7159
CCL_B	8	7818415	7959266	31	0.3255
CCL_B	8	7959267	8062781	33	-0.1318
CCL_B	8	8062782	8385973	289	0.457
CCL_B	8	8385974	8387374	4	-2.2008
CCL_B	8	8387375	11080890	2323	0.4071
CCL_B	8	11080891	11083950	2	-2.0352
CCL_B	8	11083951	11968638	604	0.4057
CCL_B	8	11968639	12017715	6	-2.6278
CCL_B	8	12017716	12254206	49	0.4118
CCL_B	8	12254207	12431246	61	-0.3177
CCL_B	8	12431247	12647558	102	0.3545
CCL_B	8	12647559	12653029	4	-1.6035
CCL_B	8	12653030	14235193	1544	0.4128
CCL_B	8	14235194	14239090	2	-1.9688
CCL_B	8	14239091	14861439	650	0.4241
CCL_B	8	14861440	14925010	64	-0.4278
CCL_B	8	14925011	14963591	43	0.4692
CCL_B	8	14963592	16115802	1007	-0.3762
CCL_B	8	16115803	16189050	54	2.1637
CCL_B	8	16189051	16209603	14	2.8516
CCL_B	8	16209604	16259422	45	1.8728
CCL_B	8	16259423	16280641	30	2.8103
CCL_B	8	16280642	17032264	596	1.8901
CCL_B	8	17032265	17773337	767	1.4321
CCL_B	8	17773338	24973315	5501	0.4381
CCL_B	8	24973316	24982028	21	1.11
CCL_B	8	24982029	25658114	514	0.4477
CCL_B	8	25658115	26137831	407	-0.3481
CCL_B	8	26137832	26206541	29	0.1905
CCL_B	8	26206542	32686193	4508	-0.386
CCL_B	8	32686194	32690259	4	-1.7799
CCL_B	8	32690260	42443539	5778	-0.411
CCL_B	8	42443540	48457906	1049	0.4516
CCL_B	8	48457907	48463626	2	2.4009
CCL_B	8	48463627	66646454	11418	0.2758
CCL_B	8	66646455	67679767	545	0.7463
CCL_B	8	67679768	72215639	2756	-0.3111
CCL_B	8	72215640	72218231	7	-1.2481
CCL_B	8	72218232	100817350	17085	-0.2702
CCL_B	8	100817351	107782995	4332	0.4948
CCL_B	8	107782996	107788464	3	-0.9071
CCL_B	8	107788465	112294380	2695	0.5245
CCL_B	8	112294381	112297770	8	-0.9807
CCL_B	8	112297771	146298155	22934	0.5355
CCL_B	9	46587	12498144	11666	0.4056
CCL_B	9	12498145	17662218	4266	-0.4157
CCL_B	9	17662219	17669107	4	1.2557
CCL_B	9	17669108	22796261	4138	-0.4251
CCL_B	9	22796262	23362460	379	0.4285
CCL_B	9	23362461	23375986	8	-3.24
CCL_B	9	23375987	37033260	9504	0.4294
CCL_B	9	37033261	37034643	2	-1.4339
CCL_B	9	37034644	38796209	1205	0.4051
CCL_B	9	38796210	39034377	19	-0.1507
CCL_B	9	39034378	40787845	104	0.4434
CCL_B	9	40787846	40861610	4	1.818
CCL_B	9	40861611	43682755	93	0.3865
CCL_B	9	43682756	43769804	10	1.4287
CCL_B	9	43769805	44736741	59	0.4396
CCL_B	9	44736742	44785348	16	-0.6907
CCL_B	9	44785349	68185016	170	0.2955
CCL_B	9	68185017	68199231	8	-1.178
CCL_B	9	68199232	79770569	6729	0.4454
CCL_B	9	79770570	79777076	24	0.9816
CCL_B	9	79777077	115777711	25420	0.4347
CCL_B	9	115777712	115784179	5	-0.6122
CCL_B	9	115784180	138212736	14924	0.4607
CCL_B	9	138212737	138217104	3	1.8058
CCL_B	9	138217105	141091394	1112	0.4791
CCL_B	10	72759	6411143	5414	-0.3871
CCL_B	10	6411144	6415117	6	0.9574
CCL_B	10	6415118	20853236	11586	-0.421
CCL_B	10	20853237	20853518	2	-2.6783
CCL_B	10	20853519	32661758	8164	-0.4126
CCL_B	10	32661759	38834404	3893	0.465
CCL_B	10	38834405	42523451	78	0.0814
CCL_B	10	42523452	45660313	2087	-0.4511
CCL_B	10	45660314	45664170	2	1.6045
CCL_B	10	45664171	48806288	951	-0.3869
CCL_B	10	48806289	49038466	10	0.4952
CCL_B	10	49038467	49348399	19	-0.0888
CCL_B	10	49348400	51266083	1346	-0.446
CCL_B	10	51266084	51423220	2	4.1613
CCL_B	10	51423221	56618940	3709	-0.3489
CCL_B	10	56618941	56619850	2	-2.3812
CCL_B	10	56619851	56681683	31	-0.3453
CCL_B	10	56681684	56685665	2	-4.2226
CCL_B	10	56685666	58937730	1581	-0.338
CCL_B	10	58937731	58963437	23	0.462
CCL_B	10	58963438	59005901	21	-0.2814
CCL_B	10	59005902	59041027	23	0.5111
CCL_B	10	59041028	61364122	1685	-0.3379
CCL_B	10	61364123	61365373	7	-1.7079
CCL_B	10	61365374	96495491	23358	-0.402
CCL_B	10	96495492	135433708	26941	0.0934
CCL_B	10	135433709	135506704	6	-0.3159
CCL_B	11	198510	2918499	1087	-0.1455
CCL_B	11	2918500	3032664	58	0.3321
CCL_B	11	3032665	4972081	1339	-0.2105
CCL_B	11	4972082	4976605	28	-0.7957
CCL_B	11	4976606	25655074	15579	-0.1712
CCL_B	11	25655075	25661705	2	-2.1436
CCL_B	11	25661706	30343893	3117	-0.1067
CCL_B	11	30343894	30418198	47	2.3549
CCL_B	11	30418199	38747909	6004	1.5191
CCL_B	11	38747910	40004987	727	0.9802
CCL_B	11	40004988	48707785	5450	-0.0084
CCL_B	11	48707786	48710426	4	1.2149
CCL_B	11	48710427	49759271	419	0.0042
CCL_B	11	49759272	49763424	6	-1.391
CCL_B	11	49763425	51111557	364	0.0055
CCL_B	11	51111558	51145176	2	-2.4387
CCL_B	11	51145177	53133036	144	0.1535
CCL_B	11	53133037	54766092	4	-1.7505
CCL_B	11	54766093	54952975	27	0.1244
CCL_B	11	54952976	54995843	6	-2.1681
CCL_B	11	54995844	55037864	9	-0.6761
CCL_B	11	55037865	55376389	202	0.0638
CCL_B	11	55376390	55433095	35	0.472
CCL_B	11	55433096	57116883	1136	0.1203
CCL_B	11	57116884	57183023	43	0.4273
CCL_B	11	57183024	62897531	3214	0.0739
CCL_B	11	62897532	68810164	2420	0.5219
CCL_B	11	68810165	69269718	272	2.573
CCL_B	11	69269719	69902170	357	2.2253
CCL_B	11	69902171	70744493	482	1.7669
CCL_B	11	70744494	70776741	18	1.0816
CCL_B	11	70776742	70808412	21	0.7665
CCL_B	11	70808413	74024773	1615	-0.4318
CCL_B	11	74024774	74027879	2	-2.7159
CCL_B	11	74027880	107238663	22841	-0.405
CCL_B	11	107238664	107245745	6	-2.2238
CCL_B	11	107245746	134944770	19923	-0.4273
CCL_B	12	150442	2240875	1263	-0.3827
CCL_B	12	2240876	2257971	41	-2.4727
CCL_B	12	2257972	9635889	4888	-0.4107
CCL_B	12	9635890	9731630	24	-2.4329
CCL_B	12	9731631	11218136	1039	-0.393
CCL_B	12	11218137	11246703	13	0.4663
CCL_B	12	11246704	27130080	11043	-0.3905
CCL_B	12	27130081	34766986	5303	-1.2215
CCL_B	12	34766987	34845167	10	-0.6401
CCL_B	12	34845168	75370123	22791	0.1271
CCL_B	12	75370124	87808502	7762	-0.3354
CCL_B	12	87808503	87811366	2	1.8935
CCL_B	12	87811367	99428028	7763	-0.3863
CCL_B	12	99428029	99793553	223	-1.2566
CCL_B	12	99793554	99803160	34	-0.4676
CCL_B	12	99803161	99811308	13	-1.1367
CCL_B	12	99811309	99867032	36	-0.4011
CCL_B	12	99867033	100069207	118	-0.9285
CCL_B	12	100069208	110737817	7067	-0.3932
CCL_B	12	110737818	111934607	564	-0.0582
CCL_B	12	111934608	114294112	1442	-0.4067
CCL_B	12	114294113	114295034	2	-2.3532
CCL_B	12	114295035	131734641	12528	-0.2976
CCL_B	12	131734642	131735249	4	-1.4276
CCL_B	12	131735250	133778189	955	-0.2127
CCL_B	13	19026949	21696728	1477	0.1041
CCL_B	13	21696729	21699486	2	-2.1467
CCL_B	13	21699487	21896177	131	0.1153
CCL_B	13	21896178	21896627	2	-2.057
CCL_B	13	21896628	23632769	1284	0.092
CCL_B	13	23632770	23635855	11	-2.6501
CCL_B	13	23635856	57758279	23201	0.0909
CCL_B	13	57758280	57763218	5	1.2351
CCL_B	13	57763219	57784047	28	2.5899
CCL_B	13	57784048	115108397	38133	0.0745
CCL_B	14	19002124	19142862	14	0.352
CCL_B	14	19142863	20279769	101	-0.1711
CCL_B	14	20279770	20319074	14	-0.8198
CCL_B	14	20319075	40611425	12969	-0.0549
CCL_B	14	40611426	40617542	2	-2.821
CCL_B	14	40617543	45783879	3131	-0.0727
CCL_B	14	45783880	54377345	5409	0.2392
CCL_B	14	54377346	69970661	9974	0.803
CCL_B	14	69970662	70182965	144	1.7274
CCL_B	14	70182966	73998448	2538	0.9696
CCL_B	14	73998449	74025447	9	-1.7596
CCL_B	14	74025448	82028374	5254	0.9372
CCL_B	14	82028375	88500508	4354	0.0341
CCL_B	14	88500509	88502273	2	-2.1942
CCL_B	14	88502274	106208980	11057	8e-04
CCL_B	14	106208981	106329213	62	0.5574
CCL_B	14	106329214	106470288	39	1.0166
CCL_B	14	106470289	106484668	4	-0.925
CCL_B	14	106484669	106547410	26	1.1984
CCL_B	14	106547411	106752571	94	1.8418
CCL_B	14	106752572	106808998	25	1.0731
CCL_B	14	106808999	106918378	83	0.4322
CCL_B	14	106918379	107285437	223	-0.0071
CCL_B	15	20016328	22282715	306	-0.3573
CCL_B	15	22282716	22292125	4	-2.5664
CCL_B	15	22292126	25055022	1346	-0.255
CCL_B	15	25055023	25055479	4	-2.1485
CCL_B	15	25055480	30545261	3470	-0.2709
CCL_B	15	30545262	30562168	6	-1.8128
CCL_B	15	30562169	32805715	1172	-0.2762
CCL_B	15	32805716	32817531	2	-1.9899
CCL_B	15	32817532	36359316	2645	-0.1842
CCL_B	15	36359317	36361469	2	-2.381
CCL_B	15	36361470	37050228	496	-0.1263
CCL_B	15	37050229	37054600	3	-1.9103
CCL_B	15	37054601	39236308	1507	-0.23
CCL_B	15	39236309	39237993	3	-3.4726
CCL_B	15	39237994	54197669	8874	-0.2471
CCL_B	15	54197670	54201929	2	-3.0341
CCL_B	15	54201930	65815522	7941	-0.2525
CCL_B	15	65815523	65817955	2	-2.9962
CCL_B	15	65817956	82089131	9878	-0.2463
CCL_B	15	82089132	82092852	2	-2.5924
CCL_B	15	82092853	92015766	6216	-0.2501
CCL_B	15	92015767	92020866	2	-2.5702
CCL_B	15	92020867	102469040	8123	-0.2423
CCL_B	16	60777	12648918	9420	0.3364
CCL_B	16	12648919	12649621	2	-2.2537
CCL_B	16	12649622	19945006	4096	0.3433
CCL_B	16	19945007	19968808	29	-0.3955
CCL_B	16	19968809	32588761	6605	0.3182
CCL_B	16	32588762	34198649	234	0.0517
CCL_B	16	34198650	35091664	412	-0.343
CCL_B	16	35091665	35253443	37	0.2918
CCL_B	16	35253444	55816675	6486	-0.1034
CCL_B	16	55816676	55826000	4	-1.9265
CCL_B	16	55826001	60042629	2639	-0.1008
CCL_B	16	60042630	60043766	2	-1.8518
CCL_B	16	60043767	79034368	12649	-0.0896
CCL_B	16	79034369	79053672	33	-6.2245
CCL_B	16	79053673	79057479	21	-3.7999
CCL_B	16	79057480	83263009	4481	-0.0599
CCL_B	16	83263010	83264900	3	-1.8162
CCL_B	16	83264901	83358462	137	-0.0468
CCL_B	16	83358463	83661787	367	-1.0227
CCL_B	16	83661788	83794775	220	-3.8878
CCL_B	16	83794776	89852343	4326	-0.0714
CCL_B	16	89852344	90163498	173	-0.697
CCL_B	16	90163499	90287535	4	0.5
CCL_B	17	526	6100790	3372	0.3247
CCL_B	17	6100791	6100927	2	-1.7778
CCL_B	17	6100928	16655816	7124	0.3252
CCL_B	17	16655817	16740892	13	1.0439
CCL_B	17	16740893	16741656	2	-1.7787
CCL_B	17	16741657	18337627	919	0.3673
CCL_B	17	18337628	18456354	26	-2.1361
CCL_B	17	18456355	34438553	6925	0.1526
CCL_B	17	34438554	34506608	36	-0.6245
CCL_B	17	34506609	34539497	2	2.8032
CCL_B	17	34539498	39422361	2539	0.0926
CCL_B	17	39422362	39431627	24	-1.4147
CCL_B	17	39431628	57109809	10478	0.0818
CCL_B	17	57109810	57119287	2	-1.5072
CCL_B	17	57119288	67884773	5904	0.0803
CCL_B	17	67884774	67887962	2	1.9732
CCL_B	17	67887963	67957700	63	0.1617
CCL_B	17	67957701	67961812	5	-1.054
CCL_B	17	67961813	81049726	7834	0.1086
CCL_B	18	11543	68258	3	-0.6224
CCL_B	18	68259	14662807	10200	0.2739
CCL_B	18	14662808	14682082	2	-1.8138
CCL_B	18	14682083	19602079	668	0.2807
CCL_B	18	19602080	21086046	841	0.6873
CCL_B	18	21086047	21248407	97	0.9713
CCL_B	18	21248408	22666633	1026	0.1773
CCL_B	18	22666634	22930159	138	0.987
CCL_B	18	22930160	30782272	5055	0.0525
CCL_B	18	30782273	78015057	32596	-1.0198
CCL_B	19	90910	2088591	462	0.5126
CCL_B	19	2088592	35849407	16352	0.0441
CCL_B	19	35849408	35866793	24	-0.8267
CCL_B	19	35866794	44906214	4689	0.0496
CCL_B	19	44906215	44906583	2	2.4384
CCL_B	19	44906584	52137082	3413	0.0658
CCL_B	19	52137083	52151551	11	-2.6904
CCL_B	19	52151552	52542001	271	-0.0538
CCL_B	19	52542002	52552036	3	1.0356
CCL_B	19	52552037	52993727	306	-0.0449
CCL_B	19	52993728	52997146	2	1.4234
CCL_B	19	52997147	53334034	227	0.0318
CCL_B	19	53334035	53335048	2	2.0043
CCL_B	19	53335049	55299324	1244	0.0122
CCL_B	19	55299325	55378170	37	0.4644
CCL_B	19	55378171	55404663	15	-0.1689
CCL_B	19	55404664	55407353	2	-1.5094
CCL_B	19	55407354	59097854	2275	0.05
CCL_B	20	61305	138304	60	0.4991
CCL_B	20	138305	139660	5	-0.5391
CCL_B	20	139661	1554846	1118	0.4496
CCL_B	20	1554847	1560674	16	-0.358
CCL_B	20	1560675	1586232	40	0.4128
CCL_B	20	1586233	1595919	5	4.4469
CCL_B	20	1595920	14148101	9533	0.4424
CCL_B	20	14148102	14152770	2	2.239
CCL_B	20	14152771	29424538	9271	0.4155
CCL_B	20	29424539	29496062	18	-1.4951
CCL_B	20	29496063	52649481	14910	0.3842
CCL_B	20	52649482	52656180	30	-0.2495
CCL_B	20	52656181	62375648	7226	0.4138
CCL_B	20	62375649	62405548	18	0.9012
CCL_B	20	62405549	62915818	214	0.4645
CCL_B	20	62915819	62956153	6	-0.4095
CCL_B	21	10736871	10953775	36	0.6605
CCL_B	21	10953776	14449787	93	0.0722
CCL_B	21	14449788	14555337	18	0.8311
CCL_B	21	14555338	31676839	12408	0.0805
CCL_B	21	31676840	31687061	4	-1.0334
CCL_B	21	31687062	35777693	2776	0.0929
CCL_B	21	35777694	44894451	7228	-0.4108
CCL_B	21	44894452	45096555	114	0.1082
CCL_B	21	45096556	48096957	1703	-0.3747
CCL_B	22	16052528	16670358	94	0.1998
CCL_B	22	16670359	18625450	1094	0.579
CCL_B	22	18625451	18629606	8	-0.2985
CCL_B	22	18629607	19681788	543	0.6577
CCL_B	22	19681789	19810723	84	1.0897
CCL_B	22	19810724	20170055	248	0.7457
CCL_B	22	20170056	20173713	4	1.9753
CCL_B	22	20173714	21504225	776	0.6298
CCL_B	22	21504226	21881254	49	0.1278
CCL_B	22	21881255	24277380	1683	0.6452
CCL_B	22	24277381	24330243	26	-0.0034
CCL_B	22	24330244	24347475	7	-1.0846
CCL_B	22	24347476	24399171	19	2.7305
CCL_B	22	24399172	25081726	353	0.544
CCL_B	22	25081727	25085104	3	-1.2697
CCL_B	22	25085105	25830842	626	0.5233
CCL_B	22	25830843	25835797	2	2.7292
CCL_B	22	25835798	26068487	222	0.5992
CCL_B	22	26068488	39293087	9616	0.1658
CCL_B	22	39293088	39298009	3	-3.89
CCL_B	22	39298010	39363651	39	0.1812
CCL_B	22	39363652	39389666	24	-0.339
CCL_B	22	39389667	51234455	8029	0.1642
CCL_B	X	168477	7338886	3614	0.0111
CCL_B	X	7338887	7383984	36	-0.5936
CCL_B	X	7383985	29203990	14218	0.0673
CCL_B	X	29203991	29582644	266	-0.8561
CCL_B	X	29582645	32597073	2088	0.0433
CCL_B	X	32597074	32600147	3	1.7275
CCL_B	X	32600148	35457432	1916	0.0684
CCL_B	X	35457433	38873212	2065	-0.8031
CCL_B	X	38873213	38875637	2	-7.1156
CCL_B	X	38875638	39215955	195	-0.8808
CCL_B	X	39215956	39216624	2	-5.9436
CCL_B	X	39216625	47894793	4581	-0.7777
CCL_B	X	47894794	47897450	2	-6.6087
CCL_B	X	47897451	52599903	1894	-0.772
CCL_B	X	52599904	52859604	63	-2.4287
CCL_B	X	52859605	52898109	13	-1.5195
CCL_B	X	52898110	53784391	344	-0.7223
CCL_B	X	53784392	53797408	6	-3.6086
CCL_B	X	53797409	58523126	2108	-0.7532
CCL_B	X	58523127	60145379	5	-0.1822
CCL_B	X	60145380	89727249	13521	0.4588
CCL_B	X	89727250	89741444	2	2.4954
CCL_B	X	89741445	90969509	517	0.4247
CCL_B	X	90969510	90971391	4	1.6725
CCL_B	X	90971392	93368129	1193	0.4508
CCL_B	X	93368130	95617433	1319	0.0174
CCL_B	X	95617434	95617931	2	-1.9857
CCL_B	X	95617932	106807147	5902	0.0416
CCL_B	X	106807148	106920494	41	0.5902
CCL_B	X	106920495	107241387	168	0.1398
CCL_B	X	107241388	107273586	9	-3.934
CCL_B	X	107273587	107277643	2	-1.7438
CCL_B	X	107277644	109574528	1230	0.0886
CCL_B	X	109574529	109607696	18	0.6025
CCL_B	X	109607697	115139972	3136	0.0287
CCL_B	X	115139973	115153528	5	-2.4083
CCL_B	X	115153529	127402613	7326	0.0479
CCL_B	X	127402614	127835943	204	-0.8739
CCL_B	X	127835944	139494867	6534	0.0271
CCL_B	X	139494868	139502964	6	-1.7549
CCL_B	X	139502965	140647143	650	5e-04
CCL_B	X	140647144	140669841	2	2.905
CCL_B	X	140669842	155182354	8967	0.0555
CCL_B	Y	2650438	6119171	869	-2.6641
CCL_B	Y	6119172	6297734	80	-3.9141
CCL_B	Y	6297735	19174888	4496	-3.1075
CCL_B	Y	19174889	19183810	4	-7.0316
CCL_B	Y	19183811	19571056	193	-3.0505
CCL_B	Y	19571057	21024837	670	-3.7275
CCL_B	Y	21024838	24515941	1276	-3.1446
CCL_B	Y	24515942	26239984	325	-3.6914
CCL_B	Y	26239985	26631299	87	-3.0138
CCL_B	Y	26631300	27247431	78	-4.2055
CCL_B	Y	27247432	27721100	99	-2.87
CCL_B	Y	27721101	28431027	250	-3.7599
CCL_B	Y	28431028	59018259	182	-2.7575
CCL_C	1	61735	25596176	14175	0.106
CCL_C	1	25596177	25646966	24	-0.8129
CCL_C	1	25646967	31622547	3013	0.1081
CCL_C	1	31622548	31625367	2	-1.8603
CCL_C	1	31625368	51973887	11269	0.1154
CCL_C	1	51973888	52192195	84	0.5408
CCL_C	1	52192196	55723732	2145	0.1359
CCL_C	1	55723733	55726833	6	0.9065
CCL_C	1	55726834	60156594	3573	0.1571
CCL_C	1	60156595	60266384	80	0.5068
CCL_C	1	60266385	62439730	1562	0.1607
CCL_C	1	62439731	62442465	11	0.8725
CCL_C	1	62442466	72770039	7123	0.1865
CCL_C	1	72770040	72812172	45	0.715
CCL_C	1	72812173	78963469	3873	0.1918
CCL_C	1	78963470	81970766	2021	-0.3564
CCL_C	1	81970767	82172158	165	0.235
CCL_C	1	82172159	95113914	8364	-0.3531
CCL_C	1	95113915	98350318	2098	0.2017
CCL_C	1	98350319	98481124	63	0.5661
CCL_C	1	98481125	104106234	3475	0.14
CCL_C	1	104106235	104163643	28	0.5727
CCL_C	1	104163644	110230244	3634	0.1536
CCL_C	1	110230245	110234482	9	-0.5969
CCL_C	1	110234483	111377569	850	0.1213
CCL_C	1	111377570	111382818	21	0.7128
CCL_C	1	111382819	112693145	1093	0.121
CCL_C	1	112693146	112697227	22	-1.0549
CCL_C	1	112697228	112724053	49	0.056
CCL_C	1	112724054	112725171	2	2.0467
CCL_C	1	112725172	145156904	5359	0.1698
CCL_C	1	145156905	148580449	933	0.5313
CCL_C	1	148580450	148899981	27	0.1547
CCL_C	1	148899982	149547049	182	0.7142
CCL_C	1	149547050	149617469	4	1.8866
CCL_C	1	149617470	161513407	7012	0.4406
CCL_C	1	161513408	161618839	26	0.0836
CCL_C	1	161618840	161620471	6	-1.1469
CCL_C	1	161620472	161648429	17	-0.1092
CCL_C	1	161648430	174252702	9282	0.4797
CCL_C	1	174252703	174291247	16	0.0566
CCL_C	1	174291248	174796627	251	0.4711
CCL_C	1	174796628	174801847	15	-0.8229
CCL_C	1	174801848	188678563	9314	0.474
CCL_C	1	188678564	188681874	2	-1.9019
CCL_C	1	188681875	196017054	4921	0.4924
CCL_C	1	196017055	196721361	431	0.7927
CCL_C	1	196721362	196816260	96	1.8537
CCL_C	1	196816261	197379559	301	0.7819
CCL_C	1	197379560	199111473	1081	0.4824
CCL_C	1	199111474	199114039	7	1.574
CCL_C	1	199114040	206311877	4702	0.4454
CCL_C	1	206311878	206413290	4	-1.5566
CCL_C	1	206413291	210076337	2730	0.4586
CCL_C	1	210076338	210090023	4	-1.2397
CCL_C	1	210090024	222370751	8620	0.4942
CCL_C	1	222370752	222379569	2	-2.2964
CCL_C	1	222379570	226496436	2421	0.4751
CCL_C	1	226496437	226772769	193	0.0856
CCL_C	1	226772770	240392877	9963	0.5282
CCL_C	1	240392878	240395122	6	1.5561
CCL_C	1	240395123	248743320	5757	0.4644
CCL_C	1	248743321	248813926	38	-0.496
CCL_C	1	248813927	249224388	140	0.5733
CCL_C	2	12784	34695192	24119	0.1616
CCL_C	2	34695193	34737110	46	-0.3583
CCL_C	2	34737111	35967254	875	0.1646
CCL_C	2	35967255	35987931	9	1.2783
CCL_C	2	35987932	38020279	1624	0.2156
CCL_C	2	38020280	38021993	3	-1.142
CCL_C	2	38021994	52754644	10536	0.1709
CCL_C	2	52754645	52784745	36	-0.8724
CCL_C	2	52784746	76147587	15083	0.148
CCL_C	2	76147588	76204291	29	0.5745
CCL_C	2	76204292	87513833	7015	0.1554
CCL_C	2	87513834	87517373	2	2.5559
CCL_C	2	87517374	89132095	565	0.1847
CCL_C	2	89132096	89159534	40	0.8257
CCL_C	2	89159535	89161615	5	1.8455
CCL_C	2	89161616	89184257	9	0.7878
CCL_C	2	89184258	89275096	47	1.4784
CCL_C	2	89275097	89500818	66	1.0204
CCL_C	2	89500819	95338097	323	0.2466
CCL_C	2	95338098	108443852	7491	-0.3536
CCL_C	2	108443853	108486497	2	2.5154
CCL_C	2	108486498	129638278	12461	-0.3654
CCL_C	2	129638279	129640322	14	-2.613
CCL_C	2	129640323	154162566	14934	-0.3381
CCL_C	2	154162567	154301707	88	0.1104
CCL_C	2	154301708	168336891	8186	-0.323
CCL_C	2	168336892	172582124	2789	-1.2677
CCL_C	2	172582125	184084803	7349	-0.3201
CCL_C	2	184084804	184091861	10	-1.3444
CCL_C	2	184091862	189575736	3079	-0.3019
CCL_C	2	189575737	189579934	9	0.5387
CCL_C	2	189579935	203296947	7870	-0.3184
CCL_C	2	203296948	203312841	35	0.159
CCL_C	2	203312842	237542824	21973	-0.3369
CCL_C	2	237542825	237793574	184	-1.3763
CCL_C	2	237793575	243089456	3128	-0.3852
CCL_C	3	60345	2968849	2556	0.1235
CCL_C	3	2968850	2974060	5	-1.5136
CCL_C	3	2974061	5535237	2301	0.1171
CCL_C	3	5535238	5539351	2	-1.4703
CCL_C	3	5539352	12223026	5283	0.1632
CCL_C	3	12223027	12504399	181	-0.3538
CCL_C	3	12504400	12698506	245	0.1585
CCL_C	3	12698507	12701488	7	0.8693
CCL_C	3	12701489	20314123	4735	0.1477
CCL_C	3	20314124	20322082	2	-2.0459
CCL_C	3	20322083	26611658	4756	0.162
CCL_C	3	26611659	26611891	4	-1.1379
CCL_C	3	26611892	26614975	9	0.311
CCL_C	3	26614976	26614983	5	-1.1498
CCL_C	3	26614984	41730922	10155	0.1766
CCL_C	3	41730923	41734013	2	-1.7796
CCL_C	3	41734014	46797597	3023	0.1413
CCL_C	3	46797598	46854534	40	0.9832
CCL_C	3	46854535	60479513	7987	0.1398
CCL_C	3	60479514	60570944	113	-0.4264
CCL_C	3	60570945	67174995	5406	0.1901
CCL_C	3	67174996	67177096	2	-1.788
CCL_C	3	67177097	68746211	1063	0.1501
CCL_C	3	68746212	68748772	15	1.0634
CCL_C	3	68748773	68749145	5	0.1199
CCL_C	3	68749146	68750150	7	0.6555
CCL_C	3	68750151	68892881	99	0.1239
CCL_C	3	68892882	68896099	2	-1.7629
CCL_C	3	68896100	75570549	4826	0.1757
CCL_C	3	75570550	75590993	6	-1.6473
CCL_C	3	75590994	83189038	4291	0.1692
CCL_C	3	83189039	83248075	22	-0.4034
CCL_C	3	83248076	97904044	6100	0.1964
CCL_C	3	97904045	97914121	3	2.262
CCL_C	3	97914122	116815718	11633	0.1868
CCL_C	3	116815719	116878701	56	-0.3299
CCL_C	3	116878702	162508230	28054	0.1621
CCL_C	3	162508231	162626587	72	0.9087
CCL_C	3	162626588	163080516	281	0.2325
CCL_C	3	163080517	165486557	1353	-0.3276
CCL_C	3	165486558	165763239	153	-1.1996
CCL_C	3	165763240	174945048	5729	-0.3461
CCL_C	3	174945049	174946413	11	0.366
CCL_C	3	174946414	185796567	6381	-0.3382
CCL_C	3	185796568	185798629	3	-2.3838
CCL_C	3	185798630	186406034	542	-0.3955
CCL_C	3	186406035	186409499	2	1.7727
CCL_C	3	186409500	192876324	4741	-0.3466
CCL_C	3	192876325	192884669	20	0.3194
CCL_C	3	192884670	197848651	2695	-0.3582
CCL_C	3	197848652	197896118	12	0.1659
CCL_C	4	12281	34994	20	-0.0925
CCL_C	4	34995	66348	37	-0.493
CCL_C	4	66349	2380314	863	0.1301
CCL_C	4	2380315	2758744	171	-0.4653
CCL_C	4	2758745	4135165	617	0.108
CCL_C	4	4135166	4156411	3	-1.118
CCL_C	4	4156412	4459255	230	0.0744
CCL_C	4	4459256	4484208	18	-0.5226
CCL_C	4	4484209	10212275	3843	0.1098
CCL_C	4	10212276	10232856	29	-2.3966
CCL_C	4	10232857	10235705	7	-0.6754
CCL_C	4	10235706	15239905	4020	0.1578
CCL_C	4	15239906	15243238	2	-2.4642
CCL_C	4	15243239	27679628	8586	0.1796
CCL_C	4	27679629	27681090	2	-1.6581
CCL_C	4	27681091	43146456	9962	0.156
CCL_C	4	43146457	43147837	3	-1.8578
CCL_C	4	43147838	45005803	1107	0.1492
CCL_C	4	45005804	45008652	4	-2.0088
CCL_C	4	45008653	62391471	8695	0.1658
CCL_C	4	62391472	64707679	1272	-0.3549
CCL_C	4	64707680	64712344	6	-2.6829
CCL_C	4	64712345	69286364	2864	-0.3245
CCL_C	4	69286365	69291470	3	-2.2329
CCL_C	4	69291471	69375057	18	-0.4817
CCL_C	4	69375058	69487657	63	-1.4723
CCL_C	4	69487658	70120796	322	-0.3736
CCL_C	4	70120797	70229393	56	0.1399
CCL_C	4	70229394	70389788	114	-0.3354
CCL_C	4	70389789	70391333	2	-2.5483
CCL_C	4	70391334	75948416	3279	-0.3431
CCL_C	4	75948417	88864947	8243	-0.6536
CCL_C	4	88864948	88979550	106	0.3086
CCL_C	4	88979551	91823313	1668	-0.598
CCL_C	4	91823314	91839473	2	-2.3739
CCL_C	4	91839474	93620630	1000	-0.3909
CCL_C	4	93620631	93890025	121	-0.6669
CCL_C	4	93890026	108066835	8388	-0.3339
CCL_C	4	108066836	108072697	11	0.5805
CCL_C	4	108072698	108276393	164	-0.3121
CCL_C	4	108276394	108279918	2	1.2472
CCL_C	4	108279919	113936017	3359	-0.3307
CCL_C	4	113936018	113938273	2	-3.2813
CCL_C	4	113938274	115174511	905	-0.1926
CCL_C	4	115174512	115183202	23	0.7001
CCL_C	4	115183203	115251623	61	-0.0324
CCL_C	4	115251624	116174261	562	-0.3181
CCL_C	4	116174262	116182652	19	0.1949
CCL_C	4	116182653	125459878	5475	-0.3046
CCL_C	4	125459879	125462980	3	-1.9527
CCL_C	4	125462981	151876338	15569	-0.3222
CCL_C	4	151876339	151884308	24	0.5029
CCL_C	4	151884309	152791645	456	-0.3948
CCL_C	4	152791646	152792729	10	-3.2264
CCL_C	4	152792730	152795123	4	0.2499
CCL_C	4	152795124	152949523	158	-0.4081
CCL_C	4	152949524	152964368	8	-0.013
CCL_C	4	152964369	152968363	3	-1.8834
CCL_C	4	152968364	156878220	2532	-0.3574
CCL_C	4	156878221	156879458	5	0.9157
CCL_C	4	156879459	161880392	3174	-0.3371
CCL_C	4	161880393	161886447	28	0.1438
CCL_C	4	161886448	161904311	10	-0.529
CCL_C	4	161904312	161912692	3	-2.2875
CCL_C	4	161912693	162477133	414	-0.3208
CCL_C	4	162477134	162480680	2	-2.0469
CCL_C	4	162480681	175105440	7851	-0.3456
CCL_C	4	175105441	175160983	22	-3.1239
CCL_C	4	175160984	176604885	809	-0.3516
CCL_C	4	176604886	176609445	2	-2.2446
CCL_C	4	176609446	176742945	83	-0.2914
CCL_C	4	176742946	178998588	1539	0.2069
CCL_C	4	178998589	179000987	2	-2.5018
CCL_C	4	179000988	190192080	8099	0.1957
CCL_C	4	190192081	190205521	5	-1.8074
CCL_C	4	190205522	191027923	383	0.1506
CCL_C	5	15532	692059	307	0.1684
CCL_C	5	692060	801205	36	-0.4473
CCL_C	5	801206	12138135	9539	0.1355
CCL_C	5	12138136	12796304	349	-0.3957
CCL_C	5	12796305	12822243	10	-2.3048
CCL_C	5	12822244	14010835	742	-0.4033
CCL_C	5	14010836	15718857	1240	0.1716
CCL_C	5	15718858	15721971	11	-1.1575
CCL_C	5	15721972	20836001	3209	0.1736
CCL_C	5	20836002	21042009	102	-0.3057
CCL_C	5	21042010	21377341	197	0.1623
CCL_C	5	21377342	21381959	2	2.721
CCL_C	5	21381960	29265359	4640	0.1821
CCL_C	5	29265360	29361090	50	0.5703
CCL_C	5	29361091	39808793	7088	0.1655
CCL_C	5	39808794	39808977	2	-2.5364
CCL_C	5	39808978	79739484	21683	0.1831
CCL_C	5	79739485	79747399	3	-1.1673
CCL_C	5	79747400	117387519	23044	0.176
CCL_C	5	117387520	117396712	11	-2.1763
CCL_C	5	117396713	143405567	15906	0.1382
CCL_C	5	143405568	143410521	5	-3.06
CCL_C	5	143410522	150200721	4512	0.1725
CCL_C	5	150200722	150218017	8	1.0213
CCL_C	5	150218018	151409168	859	0.1277
CCL_C	5	151409169	151810774	330	0.4436
CCL_C	5	151810775	163295908	7721	0.1301
CCL_C	5	163295909	163298128	2	-2.11
CCL_C	5	163298129	177388194	9603	0.1411
CCL_C	5	177388195	177405610	11	-1.3831
CCL_C	5	177405611	180790320	1971	0.0842
CCL_C	6	149661	51148731	34728	-0.3819
CCL_C	6	51148732	51529247	292	0.2397
CCL_C	6	51529248	53177535	1170	-0.363
CCL_C	6	53177536	53519376	248	0.1829
CCL_C	6	53519377	53561332	24	-0.279
CCL_C	6	53561333	53562359	3	-1.5524
CCL_C	6	53562360	53887863	259	-0.2961
CCL_C	6	53887864	53956052	64	0.1403
CCL_C	6	53956053	54881127	604	-0.3362
CCL_C	6	54881128	54989170	48	0.1952
CCL_C	6	54989171	56508418	974	-0.3381
CCL_C	6	56508419	56564203	27	0.2528
CCL_C	6	56564204	57290781	339	-0.3126
CCL_C	6	57290782	58141261	319	0.0965
CCL_C	6	58141262	58421138	89	-0.2864
CCL_C	6	58421139	58429821	6	-1.2072
CCL_C	6	58429822	58488517	29	-0.3718
CCL_C	6	58488518	63437592	918	0.1596
CCL_C	6	63437593	63599300	63	-0.3715
CCL_C	6	63599301	64675204	558	0.118
CCL_C	6	64675205	64724642	34	-0.3472
CCL_C	6	64724643	65150944	211	0.1407
CCL_C	6	65150945	65204005	26	-0.3595
CCL_C	6	65204006	67612256	1695	0.1791
CCL_C	6	67612257	68295965	520	0.5428
CCL_C	6	68295966	68330772	34	0.1176
CCL_C	6	68330773	69455165	693	0.5266
CCL_C	6	69455166	69535626	67	-0.3615
CCL_C	6	69535627	69542087	9	0.4263
CCL_C	6	69542088	74591829	3240	-0.337
CCL_C	6	74591830	74599375	10	-1.2559
CCL_C	6	74599376	77436345	1771	-0.3562
CCL_C	6	77436346	77456915	22	-0.8676
CCL_C	6	77456916	78962266	974	-0.3536
CCL_C	6	78962267	79040433	119	-0.8528
CCL_C	6	79040434	83568520	2927	-0.3085
CCL_C	6	83568521	83624732	47	-1.1364
CCL_C	6	83624733	96994400	8409	-0.3405
CCL_C	6	96994401	97012403	9	-1.4767
CCL_C	6	97012404	101216314	2604	-0.3182
CCL_C	6	101216315	101220963	3	1.2602
CCL_C	6	101220964	103304564	1216	-0.2677
CCL_C	6	103304565	103305746	3	0.9428
CCL_C	6	103305747	103738369	281	-0.3201
CCL_C	6	103738370	103762055	37	0.1511
CCL_C	6	103762056	161891504	37593	-0.3458
CCL_C	6	161891505	162029755	127	-1.3827
CCL_C	6	162029756	167597758	4421	-0.3497
CCL_C	6	167597759	167598626	2	-2.4474
CCL_C	6	167598627	171051005	2128	-0.3957
CCL_C	7	43355	19642159	14002	0.1753
CCL_C	7	19642160	19648290	4	-1.3426
CCL_C	7	19648291	26137341	4871	0.1356
CCL_C	7	26137342	26146316	4	-3.6778
CCL_C	7	26146317	64594635	22851	0.1562
CCL_C	7	64594636	64616413	4	2.042
CCL_C	7	64616414	69500346	2571	0.0887
CCL_C	7	69500347	69514600	9	-0.6922
CCL_C	7	69514601	69602362	52	0.0924
CCL_C	7	69602363	69977653	206	-0.4948
CCL_C	7	69977654	70421844	317	0.0859
CCL_C	7	70421845	70427192	2	-2.0305
CCL_C	7	70427193	85793401	8576	0.1681
CCL_C	7	85793402	85800699	2	-2.7298
CCL_C	7	85800700	87581313	983	0.1277
CCL_C	7	87581314	87780465	123	-0.3415
CCL_C	7	87780466	105586931	10330	0.1488
CCL_C	7	105586932	105587897	4	-1.5398
CCL_C	7	105587898	110607262	3316	0.1678
CCL_C	7	110607263	110938703	216	-0.3349
CCL_C	7	110938704	119142146	4862	0.1658
CCL_C	7	119142147	119528557	214	-0.3748
CCL_C	7	119528558	126045228	3963	0.1601
CCL_C	7	126045229	126046878	15	0.9887
CCL_C	7	126046879	143218913	10929	0.1816
CCL_C	7	143218914	143403324	32	-0.6271
CCL_C	7	143403325	143444373	19	0.1898
CCL_C	7	143444374	143572226	51	-0.6759
CCL_C	7	143572227	143942595	279	0.262
CCL_C	7	143942596	143966132	8	-0.6283
CCL_C	7	143966133	151918356	4879	0.2756
CCL_C	7	151918357	152255526	117	1.0951
CCL_C	7	152255527	159127004	4723	0.246
CCL_C	8	31254	2251232	1651	-0.3936
CCL_C	8	2251233	2264843	12	0.5076
CCL_C	8	2264844	3996736	2115	-0.4085
CCL_C	8	3996737	4002484	16	-1.3835
CCL_C	8	4002485	4003384	10	-0.1908
CCL_C	8	4003385	4003519	2	-3.8389
CCL_C	8	4003520	4166581	362	-0.3718
CCL_C	8	4166582	4166735	2	-2.4264
CCL_C	8	4166736	7041596	3656	-0.3934
CCL_C	8	7041597	7244199	33	0.341
CCL_C	8	7244200	16202072	7039	-0.3629
CCL_C	8	16202073	16209603	8	0.5441
CCL_C	8	16209604	18796792	2314	-0.2958
CCL_C	8	18796793	18797897	3	-2.8232
CCL_C	8	18797898	20524558	1564	-0.31
CCL_C	8	20524559	20525590	2	-1.9542
CCL_C	8	20525591	20581890	55	-0.3885
CCL_C	8	20581891	20583320	2	-1.9065
CCL_C	8	20583321	21111113	453	-0.4265
CCL_C	8	21111114	21116141	4	-1.3946
CCL_C	8	21116142	23405024	1405	-0.3799
CCL_C	8	23405025	23407888	5	1.0981
CCL_C	8	23407889	39233131	10212	-0.3746
CCL_C	8	39233132	39387632	59	-2.807
CCL_C	8	39387633	40774924	1075	-0.3835
CCL_C	8	40774925	40781075	2	-2.0564
CCL_C	8	40781076	47671841	1771	-0.3586
CCL_C	8	47671842	58115912	6351	0.1355
CCL_C	8	58115913	58122926	3	-1.5659
CCL_C	8	58122927	118877697	36829	0.1569
CCL_C	8	118877698	119009982	82	-0.3662
CCL_C	8	119009983	136364562	12766	0.1492
CCL_C	8	136364563	137546542	881	-1.3923
CCL_C	8	137546543	143128774	4132	0.1325
CCL_C	8	143128775	143133689	3	-1.7918
CCL_C	8	143133690	146298155	1134	0.1251
CCL_C	9	46587	5080286	5248	0.4412
CCL_C	9	5080287	5081809	8	-0.6917
CCL_C	9	5081810	21970150	14270	0.4948
CCL_C	9	21970151	21983344	5	-0.8475
CCL_C	9	21983345	21999427	10	-4.6859
CCL_C	9	21999428	22005295	21	-1.7899
CCL_C	9	22005296	22104010	74	-4.7582
CCL_C	9	22104011	22110455	3	-1.2796
CCL_C	9	22110456	22497401	238	0.4939
CCL_C	9	22497402	22506019	2	-4.8082
CCL_C	9	22506020	23362460	579	0.4981
CCL_C	9	23362461	23372941	7	-2.8737
CCL_C	9	23372942	28369165	3808	0.485
CCL_C	9	28369166	28400952	26	-0.4077
CCL_C	9	28400953	29092823	508	0.1538
CCL_C	9	29092824	29096338	2	-1.6431
CCL_C	9	29096339	44238134	6643	0.1098
CCL_C	9	44238135	44396813	16	-0.3888
CCL_C	9	44396814	44839222	40	-1.1286
CCL_C	9	44839223	68185016	157	0.2354
CCL_C	9	68185017	68187199	5	-1.705
CCL_C	9	68187200	69506831	126	0.1751
CCL_C	9	69506832	69751508	25	0.7556
CCL_C	9	69751509	81374318	7628	0.1475
CCL_C	9	81374319	81376014	2	-1.11
CCL_C	9	81376015	116582518	24957	0.1111
CCL_C	9	116582519	116588324	2	-3.1813
CCL_C	9	116588325	120204022	2977	0.1252
CCL_C	9	120204023	120208222	2	-1.7921
CCL_C	9	120208223	131943174	7554	0.0765
CCL_C	9	131943175	131948503	2	-2.7488
CCL_C	9	131948504	134659203	1630	0.0662
CCL_C	9	134659204	134660999	2	-2.2925
CCL_C	9	134661000	139055147	2642	0.0361
CCL_C	9	139055148	139058999	3	-1.9823
CCL_C	9	139059000	141091394	708	0.067
CCL_C	10	72759	31251720	24298	-0.3983
CCL_C	10	31251721	31251800	3	0.6032
CCL_C	10	31251801	31457715	183	-0.3892
CCL_C	10	31457716	31460355	3	-2.2861
CCL_C	10	31460356	48696998	7736	-0.3662
CCL_C	10	48696999	49348399	36	0.1433
CCL_C	10	49348400	50868303	1228	-0.4764
CCL_C	10	50868304	50871981	4	-1.5629
CCL_C	10	50871982	51907183	220	-0.3388
CCL_C	10	51907184	51976300	3	-3.0666
CCL_C	10	51976301	53053445	774	-0.3961
CCL_C	10	53053446	53096594	33	-0.9727
CCL_C	10	53096595	71282479	12789	-0.3485
CCL_C	10	71282480	71287228	4	-2.3559
CCL_C	10	71287229	78947658	4768	-0.4068
CCL_C	10	78947659	81267299	1919	0.1592
CCL_C	10	81267300	81315155	2	-2.6383
CCL_C	10	81315156	81369473	5	-0.0796
CCL_C	10	81369474	81559080	19	0.6739
CCL_C	10	81559081	126581209	30701	0.1371
CCL_C	10	126581210	126582502	3	-1.2338
CCL_C	10	126582503	135506704	6356	0.1093
CCL_C	11	198510	18776606	12613	-0.347
CCL_C	11	18776607	18779518	2	-2.137
CCL_C	11	18779519	18944971	149	-0.3987
CCL_C	11	18944972	18961229	40	-0.7155
CCL_C	11	18961230	31078539	8969	-0.3136
CCL_C	11	31078540	50748975	12505	0.1715
CCL_C	11	50748976	51228107	28	0.6097
CCL_C	11	51228108	55376504	372	0.2082
CCL_C	11	55376505	55453292	50	-0.679
CCL_C	11	55453293	65483292	5453	0.1302
CCL_C	11	65483293	65662019	91	0.6369
CCL_C	11	65662020	107658538	27251	0.1679
CCL_C	11	107658539	107782943	73	-0.2913
CCL_C	11	107782944	107786405	2	-3.6949
CCL_C	11	107786406	112496789	2932	-0.3766
CCL_C	11	112496790	131848822	14278	0.171
CCL_C	11	131848823	131946959	75	0.6042
CCL_C	11	131946960	134944770	2292	0.2112
CCL_C	12	150442	867539	417	0.1624
CCL_C	12	867540	874691	18	-1.2175
CCL_C	12	874692	8352156	5118	0.0862
CCL_C	12	8352157	8386039	12	0.9617
CCL_C	12	8386040	8557590	56	0.2314
CCL_C	12	8557591	8558714	2	-2.6511
CCL_C	12	8558715	11221597	1654	0.1309
CCL_C	12	11221598	11246703	10	-0.9933
CCL_C	12	11246704	11511577	132	0.1027
CCL_C	12	11511578	11543396	30	0.8388
CCL_C	12	11543397	23415999	8105	0.1681
CCL_C	12	23416000	23738077	170	0.5424
CCL_C	12	23738078	23827073	77	-0.3125
CCL_C	12	23827074	23836789	11	0.6954
CCL_C	12	23836790	23870702	22	0.1795
CCL_C	12	23870703	23957216	59	-0.3782
CCL_C	12	23957217	92148215	41023	0.175
CCL_C	12	92148216	92151651	2	-1.2553
CCL_C	12	92151652	99793553	5384	0.1357
CCL_C	12	99793554	99803105	32	0.7224
CCL_C	12	99803106	133778189	22771	0.1036
CCL_C	13	19026949	32532096	9649	0.1487
CCL_C	13	32532097	32539235	19	-0.7909
CCL_C	13	32539236	32684614	89	0.1229
CCL_C	13	32684615	32871798	137	0.5092
CCL_C	13	32871799	54495910	14503	0.1541
CCL_C	13	54495911	54605690	69	-0.3996
CCL_C	13	54605691	55743838	685	0.1472
CCL_C	13	55743839	55784061	20	-1.137
CCL_C	13	55784062	57659470	921	0.1518
CCL_C	13	57659471	57690305	22	0.6397
CCL_C	13	57690306	57754683	27	0.2434
CCL_C	13	57754684	57784047	34	2.4654
CCL_C	13	57784048	66923812	5437	0.1743
CCL_C	13	66923813	67096162	120	-0.4157
CCL_C	13	67096163	70982125	2535	0.1849
CCL_C	13	70982126	71000070	19	-0.2898
CCL_C	13	71000071	72477271	894	0.1931
CCL_C	13	72477272	72479998	2	-2.8274
CCL_C	13	72479999	74716231	1662	0.184
CCL_C	13	74716232	74721708	5	-1.4135
CCL_C	13	74721709	75074025	290	0.1733
CCL_C	13	75074026	75079753	2	-1.2841
CCL_C	13	75079754	83652843	5647	0.1717
CCL_C	13	83652844	94841677	7003	0.5698
CCL_C	13	94841678	94894526	41	-0.3241
CCL_C	13	94894527	94970425	60	0.2059
CCL_C	13	94970426	94970650	2	-1.0523
CCL_C	13	94970651	96612488	1104	0.544
CCL_C	13	96612489	103912927	5153	0.1754
CCL_C	13	103912928	112226476	6778	0.5079
CCL_C	13	112226477	112227085	2	1.8451
CCL_C	13	112227086	115108397	1416	0.4613
CCL_C	14	19002124	19170728	17	-0.3094
CCL_C	14	19170729	20068736	57	0.3381
CCL_C	14	20068737	34670669	9476	-0.3689
CCL_C	14	34670670	34914255	192	0.1452
CCL_C	14	34914256	57822285	14358	-0.3623
CCL_C	14	57822286	57824495	3	-2.3376
CCL_C	14	57824496	61696943	2311	-0.3841
CCL_C	14	61696944	62200136	422	0.192
CCL_C	14	62200137	74006779	7503	-0.3959
CCL_C	14	74006780	74025439	7	-2.6756
CCL_C	14	74025440	83300965	6117	-0.3999
CCL_C	14	83300966	83303167	2	-2.2863
CCL_C	14	83303168	88480472	3486	-0.3403
CCL_C	14	88480473	88504798	16	-1.4578
CCL_C	14	88504799	98143740	6586	-0.4303
CCL_C	14	98143741	98146855	2	-2.4547
CCL_C	14	98146856	106208980	4476	-0.4287
CCL_C	14	106208981	106335773	63	0.3352
CCL_C	14	106335774	106342971	5	2.0555
CCL_C	14	106342972	106536678	59	0.4229
CCL_C	14	106536679	106564270	13	-1.5289
CCL_C	14	106564271	106716422	67	0.5282
CCL_C	14	106716423	106937168	134	0.1861
CCL_C	14	106937169	107160362	128	-0.2965
CCL_C	14	107160363	107177962	14	-1.2646
CCL_C	14	107177963	107285437	75	-0.4419
CCL_C	15	20016328	21946767	303	0.0098
CCL_C	15	21946768	22286519	7	-0.5005
CCL_C	15	22286520	22292125	2	-3.1071
CCL_C	15	22292126	34210591	7206	0.1471
CCL_C	15	34210592	34213805	2	-1.2377
CCL_C	15	34213806	34719803	296	0.1601
CCL_C	15	34719804	34824285	68	-2.58
CCL_C	15	34824286	34865809	7	-0.4726
CCL_C	15	34865810	45363809	6294	0.1642
CCL_C	15	45363810	45369186	2	2.2425
CCL_C	15	45369187	53784939	5356	0.1295
CCL_C	15	53784940	53787763	6	-0.9055
CCL_C	15	53787764	54531633	588	0.122
CCL_C	15	54531634	54533570	6	-0.9439
CCL_C	15	54533571	76739801	14146	0.1347
CCL_C	15	76739802	76884801	77	-0.4268
CCL_C	15	76884802	76898977	22	-2.3775
CCL_C	15	76898978	76997396	56	-0.4004
CCL_C	15	76997397	93908285	11207	0.1243
CCL_C	15	93908286	93924051	13	-0.4601
CCL_C	15	93924052	102469040	6418	0.1539
CCL_C	16	60777	61802	2	1.7563
CCL_C	16	61803	652993	277	0.2248
CCL_C	16	652994	653396	5	0.9807
CCL_C	16	653397	6571146	3480	0.0846
CCL_C	16	6571147	6608834	59	0.3889
CCL_C	16	6608835	7229319	808	0.108
CCL_C	16	7229320	7231875	2	-1.5754
CCL_C	16	7231876	15049551	6512	0.0678
CCL_C	16	15049552	15120849	57	-0.4428
CCL_C	16	15120850	19945006	2330	0.1409
CCL_C	16	19945007	19968808	29	-2.9931
CCL_C	16	19968809	22346318	1253	0.1289
CCL_C	16	22346319	22577596	46	0.5723
CCL_C	16	22577597	55797408	12474	0.106
CCL_C	16	55797409	55826000	18	-1.0035
CCL_C	16	55826001	70151941	8769	0.1448
CCL_C	16	70151942	70183181	7	0.8987
CCL_C	16	70183182	76780144	4030	0.1245
CCL_C	16	76780145	77013457	180	0.5162
CCL_C	16	77013458	89411706	11715	0.1107
CCL_C	16	89411707	89535889	73	-0.4274
CCL_C	16	89535890	90287535	304	0.2056
CCL_C	17	526	8245228	4556	0.0959
CCL_C	17	8245229	8248595	2	-2.2356
CCL_C	17	8248596	16740892	5971	0.1364
CCL_C	17	16740893	16741656	2	-1.54
CCL_C	17	16741657	18365393	923	0.1049
CCL_C	17	18365394	18411660	11	-0.8109
CCL_C	17	18411661	20923219	1054	0.0913
CCL_C	17	20923220	20923644	2	-1.6932
CCL_C	17	20923645	34436918	5881	0.0984
CCL_C	17	34436919	34506608	37	-0.6836
CCL_C	17	34506609	43647198	4733	0.1259
CCL_C	17	43647199	43669961	10	0.8408
CCL_C	17	43669962	44173555	345	0.1654
CCL_C	17	44173556	44351815	111	0.5629
CCL_C	17	44351816	44448745	16	0.0815
CCL_C	17	44448746	44535027	5	-1.2867
CCL_C	17	44535028	51722449	4110	0.123
CCL_C	17	51722450	51727862	2	-3.4704
CCL_C	17	51727863	77244361	15792	0.1246
CCL_C	17	77244362	77246717	3	-1.5753
CCL_C	17	77246718	81049726	1752	0.1137
CCL_C	18	11543	15107216	10396	-0.3645
CCL_C	18	15107217	18565984	71	-0.0289
CCL_C	18	18565985	37324491	11757	-0.337
CCL_C	18	37324492	37681982	217	0.2066
CCL_C	18	37681983	39678657	1404	-0.3056
CCL_C	18	39678658	39682809	2	1.2123
CCL_C	18	39682810	40349081	441	-0.2733
CCL_C	18	40349082	40355078	8	-1.5583
CCL_C	18	40355079	55747600	10348	-0.3647
CCL_C	18	55747601	55978803	197	0.169
CCL_C	18	55978804	63767214	5597	-0.3557
CCL_C	18	63767215	63771758	2	4.1684
CCL_C	18	63771759	63907150	98	-0.2376
CCL_C	18	63907151	63911475	9	-1.3216
CCL_C	18	63911476	78015057	10274	-0.3597
CCL_C	19	90910	924129	178	0.0518
CCL_C	19	924130	2968991	605	-0.4554
CCL_C	19	2968992	3537955	182	0.0733
CCL_C	19	3537956	3582567	5	-0.8337
CCL_C	19	3582568	4654697	258	0.0749
CCL_C	19	4654698	4788955	52	0.452
CCL_C	19	4788956	7307089	1226	0.0426
CCL_C	19	7307090	7335129	4	-1.3377
CCL_C	19	7335130	10409067	1448	0.0387
CCL_C	19	10409068	28041334	7344	0.4293
CCL_C	19	28041335	59097854	18061	0.0885
CCL_C	20	61305	1554846	1185	0.1448
CCL_C	20	1554847	1560794	17	-1.0917
CCL_C	20	1560795	1586232	40	0.1472
CCL_C	20	1586233	1595919	5	2.7425
CCL_C	20	1595920	32871745	20410	0.1431
CCL_C	20	32871746	40684211	4698	0.4299
CCL_C	20	40684212	40699207	17	-0.0818
CCL_C	20	40699208	59567135	14351	0.4538
CCL_C	20	59567136	59590342	50	1.2159
CCL_C	20	59590343	62915818	1742	0.4584
CCL_C	20	62915819	62956153	6	0.0774
CCL_C	21	10736871	11099808	97	-0.1915
CCL_C	21	11099809	11158139	10	0.4244
CCL_C	21	11158140	14449787	23	0.0192
CCL_C	21	14449788	14560796	19	0.5474
CCL_C	21	14560797	20445470	3910	-0.3163
CCL_C	21	20445471	20448390	2	-2.2175
CCL_C	21	20448391	42853490	17061	-0.3611
CCL_C	21	42853491	42855946	5	0.6662
CCL_C	21	42855947	44969463	1513	-0.4202
CCL_C	21	44969464	44973239	2	-3.794
CCL_C	21	44973240	48096957	1761	-0.3965
CCL_C	22	16052528	24330243	4613	-0.2978
CCL_C	22	24330244	24347475	7	-1.6927
CCL_C	22	24347476	24399171	19	1.0333
CCL_C	22	24399172	25720838	853	-0.4333
CCL_C	22	25720839	25724260	3	0.5644
CCL_C	22	25724261	25736142	15	-0.1161
CCL_C	22	25736143	25745941	10	0.5138
CCL_C	22	25745942	38232937	9409	-0.4187
CCL_C	22	38232938	38462365	103	0.0969
CCL_C	22	38462366	39394877	507	-0.4249
CCL_C	22	39394878	39397409	6	0.5723
CCL_C	22	39397410	41566170	1164	-0.4076
CCL_C	22	41566171	41611327	60	0.1905
CCL_C	22	41611328	51234455	6790	-0.4367
CCL_C	X	168477	6452464	2996	0.1852
CCL_C	X	6452465	6464682	23	-1.0412
CCL_C	X	6464683	8138373	1192	-4.1842
CCL_C	X	8138374	16473351	5909	0.076
CCL_C	X	16473352	16480628	26	0.4752
CCL_C	X	16480629	17315027	504	0.0511
CCL_C	X	17315028	17469324	71	0.3666
CCL_C	X	17469325	22634628	2848	-0.1298
CCL_C	X	22634629	22645401	9	0.8256
CCL_C	X	22645402	30721764	5297	0.0831
CCL_C	X	30721765	30754106	21	-1.1241
CCL_C	X	30754107	37710157	4484	0.1381
CCL_C	X	37710158	38244405	378	0.4099
CCL_C	X	38244406	38707745	367	0.128
CCL_C	X	38707746	45632270	3775	-0.2474
CCL_C	X	45632271	54446952	3769	0.0642
CCL_C	X	54446953	54633759	73	-0.8058
CCL_C	X	54633760	55702987	494	0.011
CCL_C	X	55702988	55711011	3	1.4606
CCL_C	X	55711012	56370043	337	0.0459
CCL_C	X	56370044	56463650	41	0.5109
CCL_C	X	56463651	58472056	940	0.0651
CCL_C	X	58472057	62050872	49	0.7338
CCL_C	X	62050873	62446953	127	0.2693
CCL_C	X	62446954	62517235	24	1.2065
CCL_C	X	62517236	81397801	8642	0.0548
CCL_C	X	81397802	81416979	37	0.5616
CCL_C	X	81416980	90969509	5194	0.1042
CCL_C	X	90969510	90971950	9	1.2217
CCL_C	X	90971951	92325094	519	0.0545
CCL_C	X	92325095	92333543	18	0.6812
CCL_C	X	92333544	92336944	11	-0.0135
CCL_C	X	92336945	92359353	13	0.4257
CCL_C	X	92359354	107884327	8385	0.0811
CCL_C	X	107884328	108014769	56	0.3635
CCL_C	X	108014770	115138179	4021	0.0689
CCL_C	X	115138180	115153528	6	-1.5123
CCL_C	X	115153529	120485119	3214	0.0431
CCL_C	X	120485120	120578511	66	-0.3449
CCL_C	X	120578512	123083670	1530	0.1075
CCL_C	X	123083671	123194656	74	0.4469
CCL_C	X	123194657	134922549	6447	0.0649
CCL_C	X	134922550	134976940	11	0.9305
CCL_C	X	134976941	140043416	3153	0.0825
CCL_C	X	140043417	140078190	18	0.3964
CCL_C	X	140078191	141469707	871	0.174
CCL_C	X	141469708	141470543	6	1.1726
CCL_C	X	141470544	142525011	742	0.0986
CCL_C	X	142525012	142568607	29	0.5964
CCL_C	X	142568608	144058498	919	0.085
CCL_C	X	144058499	144077929	15	-3.9101
CCL_C	X	144077930	147450948	2455	0.0561
CCL_C	X	147450949	147453167	2	2.838
CCL_C	X	147453168	148511454	719	0.0944
CCL_C	X	148511455	148523678	6	1.2979
CCL_C	X	148523679	152694982	2478	0.0782
CCL_C	X	152694983	153006313	140	-0.2999
CCL_C	X	153006314	153562618	204	0.0314
CCL_C	X	153562619	153621423	67	0.3884
CCL_C	X	153621424	153779763	66	0.0155
CCL_C	X	153779764	155182354	488	0.3249
CCL_C	Y	2650438	2985767	152	-2.8608
CCL_C	Y	2985768	5944602	652	-2.3668
CCL_C	Y	5944603	6127673	75	-2.7733
CCL_C	Y	6127674	6314575	83	-3.834
CCL_C	Y	6314576	19571056	4694	-2.9387
CCL_C	Y	19571057	20971122	650	-3.5852
CCL_C	Y	20971123	20972291	2	-8.8048
CCL_C	Y	20972292	21088391	53	-3.5995
CCL_C	Y	21088392	24515941	1245	-2.9862
CCL_C	Y	24515942	26631299	411	-3.4043
CCL_C	Y	26631300	27247431	78	-4.3739
CCL_C	Y	27247432	27601075	61	-3.1192
CCL_C	Y	27601076	27720817	37	-2.2683
CCL_C	Y	27720818	28431027	251	-3.6349
CCL_C	Y	28431028	59018259	183	-2.4682
CCL_A	1	61735	17008714	8741	-0.0441
CCL_A	1	17008715	17052468	35	-0.5798
CCL_A	1	17052469	17190433	24	0.2339
CCL_A	1	17190434	17269244	61	-0.5883
CCL_A	1	17269245	46511314	16573	-0.042
CCL_A	1	46511315	46516689	2	2.0606
CCL_A	1	46516690	47907720	710	-0.0228
CCL_A	1	47907721	47915890	2	-2.144
CCL_A	1	47915891	55723732	4454	-0.0361
CCL_A	1	55723733	55726833	6	0.7701
CCL_A	1	55726834	62114093	4938	-0.0525
CCL_A	1	62114094	62118998	3	-1.4105
CCL_A	1	62118999	72753233	7357	-0.0222
CCL_A	1	72753234	72765894	9	-1.1324
CCL_A	1	72765895	75270178	1555	-0.0436
CCL_A	1	75270179	75273926	2	2.3608
CCL_A	1	75273927	76052803	422	-0.0474
CCL_A	1	76052804	76057181	2	-2.2959
CCL_A	1	76057182	104161441	18116	-0.0382
CCL_A	1	104161442	104260135	24	0.389
CCL_A	1	104260136	106013065	920	-0.0754
CCL_A	1	106013066	106021836	13	0.7616
CCL_A	1	106021837	111359755	3498	-0.0406
CCL_A	1	111359756	111400901	72	-0.7142
CCL_A	1	111400902	112155893	602	-1.1569
CCL_A	1	112155894	112161562	2	-6.9115
CCL_A	1	112161563	119089044	4492	-1.0684
CCL_A	1	119089045	119194961	65	-0.0926
CCL_A	1	119194962	119222391	26	0.5413
CCL_A	1	119222392	144717905	1088	-0.0108
CCL_A	1	144717906	144866993	5	1.2631
CCL_A	1	144866994	149041620	1134	0.4972
CCL_A	1	149041621	149236253	105	0.9645
CCL_A	1	149236254	149258053	23	1.4264
CCL_A	1	149258054	152555616	1525	0.5451
CCL_A	1	152555617	152588544	34	-2.4357
CCL_A	1	152588545	158867537	3815	0.4914
CCL_A	1	158867538	158872288	2	-1.4115
CCL_A	1	158872289	169225455	7687	0.5063
CCL_A	1	169225456	169242083	7	-1.2613
CCL_A	1	169242084	174797270	3527	0.4972
CCL_A	1	174797271	174801863	12	1.1329
CCL_A	1	174801864	182776644	5436	0.4999
CCL_A	1	182776645	182782472	5	-0.9515
CCL_A	1	182782473	189542150	4372	0.5494
CCL_A	1	189542151	196705131	4809	-0.0397
CCL_A	1	196705132	196816260	108	0.3419
CCL_A	1	196816261	204199136	4769	-0.0717
CCL_A	1	204199137	204200767	2	1.791
CCL_A	1	204200768	225673404	14606	-0.0465
CCL_A	1	225673405	225674019	2	-1.9185
CCL_A	1	225674020	240392877	10559	-0.0354
CCL_A	1	240392878	240397066	7	0.8192
CCL_A	1	240397067	243305045	2180	-0.0994
CCL_A	1	243305046	243308428	2	2.1725
CCL_A	1	243308429	243337488	7	0.5269
CCL_A	1	243337489	244702297	916	-0.1105
CCL_A	1	244702298	245376493	387	0.5238
CCL_A	1	245376494	249224388	2423	-0.0418
CCL_A	2	12784	6429332	4840	-0.0483
CCL_A	2	6429333	6438209	6	-1.0338
CCL_A	2	6438210	13535955	5308	-0.0375
CCL_A	2	13535956	13549700	5	1.5775
CCL_A	2	13549701	34316170	13573	-0.0508
CCL_A	2	34316171	34321495	9	-1.3041
CCL_A	2	34321496	52756817	13362	-0.0355
CCL_A	2	52756818	52784745	33	-0.7055
CCL_A	2	52784746	89136151	22643	-0.0435
CCL_A	2	89136152	89159534	35	0.7584
CCL_A	2	89159535	89268320	57	1.3834
CCL_A	2	89268321	89438583	46	0.8804
CCL_A	2	89438584	89487344	16	0.261
CCL_A	2	89487345	89501201	9	0.9697
CCL_A	2	89501202	97799069	1156	-0.0409
CCL_A	2	97799070	97819136	5	1.0849
CCL_A	2	97819137	112304932	8324	-0.0062
CCL_A	2	112304933	112370497	12	-0.8891
CCL_A	2	112370498	146865558	21204	-0.0583
CCL_A	2	146865559	146878943	23	-0.5569
CCL_A	2	146878944	180064423	20248	-0.0242
CCL_A	2	180064424	180081367	3	-1.5246
CCL_A	2	180081368	203293051	13507	-0.0223
CCL_A	2	203293052	203313506	44	0.4296
CCL_A	2	203313507	203898348	233	0.0308
CCL_A	2	203898349	203903093	3	-1.2114
CCL_A	2	203903094	204978612	573	-0.0327
CCL_A	2	204978613	205407269	353	0.4851
CCL_A	2	205407270	208355066	1958	-0.0313
CCL_A	2	208355067	208359406	16	-1.141
CCL_A	2	208359407	237803731	19005	-0.0362
CCL_A	2	237803732	237803958	2	-2.4847
CCL_A	2	237803959	243089456	3067	-0.0307
CCL_A	3	60345	4013556	3559	-0.1249
CCL_A	3	4013557	4297880	269	-1.0222
CCL_A	3	4297881	4351735	38	-0.0559
CCL_A	3	4351736	4356432	4	-2.6406
CCL_A	3	4356433	7407385	2605	-0.0964
CCL_A	3	7407386	7428085	16	-1.2195
CCL_A	3	7428086	26612137	13504	-0.0583
CCL_A	3	26612138	26612683	3	2.3746
CCL_A	3	26612684	26616020	11	-0.7563
CCL_A	3	26616021	29432449	1892	-0.0707
CCL_A	3	29432450	29435252	2	-1.2216
CCL_A	3	29435253	36283844	4570	-0.0108
CCL_A	3	36283845	36285154	3	-2.1033
CCL_A	3	36285155	46797597	6666	-0.054
CCL_A	3	46797598	46864330	42	0.7203
CCL_A	3	46864331	59561997	6916	-0.0524
CCL_A	3	59561998	59566991	7	-5.9824
CCL_A	3	59566992	60207192	759	-0.1368
CCL_A	3	60207193	60249533	46	-1.0164
CCL_A	3	60249534	60258102	6	-2.0024
CCL_A	3	60258103	60618370	391	-5.7032
CCL_A	3	60618371	60743018	141	-1.1772
CCL_A	3	60743019	60984578	223	-0.1162
CCL_A	3	60984579	61134027	143	-1.161
CCL_A	3	61134028	68746211	5889	-0.0998
CCL_A	3	68746212	68748085	14	-1.4408
CCL_A	3	68748086	75570549	4924	-0.0882
CCL_A	3	75570550	75590993	6	-2.329
CCL_A	3	75590994	81595586	3410	-0.0466
CCL_A	3	81595587	81599052	3	-3.8155
CCL_A	3	81599053	93892891	4865	-0.0188
CCL_A	3	93892892	94519353	306	0.4966
CCL_A	3	94519354	95304438	471	-0.0471
CCL_A	3	95304439	95311482	4	-1.1797
CCL_A	3	95311483	97904044	1331	-0.0602
CCL_A	3	97904045	97914121	3	2.3883
CCL_A	3	97914122	101185703	1928	-0.0505
CCL_A	3	101185704	101819310	330	0.5276
CCL_A	3	101819311	104775797	1839	-0.0534
CCL_A	3	104775798	104780061	2	1.5899
CCL_A	3	104780062	105305209	325	-0.0873
CCL_A	3	105305210	105309839	2	-3.3564
CCL_A	3	105309840	129786247	14904	-0.0541
CCL_A	3	129786248	129806580	45	-1.682
CCL_A	3	129806581	131707426	1170	-0.0335
CCL_A	3	131707427	131711735	2	-2.6779
CCL_A	3	131711736	133024472	944	-0.0349
CCL_A	3	133024473	133024595	2	1.9553
CCL_A	3	133024596	136021025	1909	-0.0865
CCL_A	3	136021026	136031983	2	-2.9902
CCL_A	3	136031984	160772681	15085	-0.0443
CCL_A	3	160772682	160778896	6	-4.5221
CCL_A	3	160778897	162217682	912	-0.0091
CCL_A	3	162217683	162218412	4	1.235
CCL_A	3	162218413	162510462	197	0.0057
CCL_A	3	162510463	162526744	12	0.8428
CCL_A	3	162526745	162531910	3	-0.4752
CCL_A	3	162531911	162543103	7	-1.322
CCL_A	3	162543104	162626283	48	0.7469
CCL_A	3	162626284	162716122	72	-0.0106
CCL_A	3	162716123	162722860	2	-2.7823
CCL_A	3	162722861	175496832	7855	-0.0344
CCL_A	3	175496833	175770169	141	0.5074
CCL_A	3	175770170	187595336	7253	-0.057
CCL_A	3	187595337	187595726	2	1.8781
CCL_A	3	187595727	192877932	3820	-0.0355
CCL_A	3	192877933	192884669	19	-1.3136
CCL_A	3	192884670	195386911	1479	-0.0502
CCL_A	3	195386912	195455684	28	0.442
CCL_A	3	195455685	197838275	1165	-0.0192
CCL_A	3	197838276	197896118	23	-0.7832
CCL_A	4	12281	67770	58	-0.5167
CCL_A	4	67771	71167506	43255	-0.0434
CCL_A	4	71167507	71284609	98	-1.0969
CCL_A	4	71284610	88801641	10875	-0.0122
CCL_A	4	88801642	88813212	7	-1.21
CCL_A	4	88813213	91308145	1534	0.0136
CCL_A	4	91308146	91439307	43	-0.832
CCL_A	4	91439308	104748600	7847	0.0136
CCL_A	4	104748601	104751640	5	1.0704
CCL_A	4	104751641	115183202	6330	-0.0251
CCL_A	4	115183203	115185106	7	0.93
CCL_A	4	115185107	115507895	219	-0.0154
CCL_A	4	115507896	115512440	3	-2.5635
CCL_A	4	115512441	127613314	7241	-0.0172
CCL_A	4	127613315	127620878	4	-1.0457
CCL_A	4	127620879	133951383	3516	-0.0136
CCL_A	4	133951384	133957645	2	1.7968
CCL_A	4	133957646	151872625	10644	-0.0387
CCL_A	4	151872626	151885218	27	0.5451
CCL_A	4	151885219	172372115	13023	-0.039
CCL_A	4	172372116	172377717	10	-1.5848
CCL_A	4	172377718	172988538	398	-0.0225
CCL_A	4	172988539	172989390	5	-0.7701
CCL_A	4	172989391	172992756	7	-1.7356
CCL_A	4	172992757	191027923	12093	-0.036
CCL_A	5	15532	643079	281	-0.0273
CCL_A	5	643080	647795	4	1.4474
CCL_A	5	647796	707942	25	-0.0393
CCL_A	5	707943	751852	17	0.4127
CCL_A	5	751853	813828	23	-0.1094
CCL_A	5	813829	843097	15	-0.6841
CCL_A	5	843098	12819344	9835	-0.0127
CCL_A	5	12819345	12822243	6	-2.3571
CCL_A	5	12822244	34700378	13786	0.0144
CCL_A	5	34700379	34702276	3	-1.4207
CCL_A	5	34702277	41601896	4646	-0.0039
CCL_A	5	41601897	41602996	2	-2.6829
CCL_A	5	41602997	46261157	2085	0.0045
CCL_A	5	46261158	46275857	8	-2.1282
CCL_A	5	46275858	57323836	5065	-0.0071
CCL_A	5	57323837	57335945	32	1.9965
CCL_A	5	57335946	57956948	444	0.0692
CCL_A	5	57956949	57958827	20	0.5838
CCL_A	5	57958828	67589410	6134	-0.0324
CCL_A	5	67589411	67600954	11	-1.3103
CCL_A	5	67600955	73702671	2734	0.0063
CCL_A	5	73702672	73706696	3	-1.5782
CCL_A	5	73706697	120385063	28793	-0.0373
CCL_A	5	120385064	120413162	29	-1.0111
CCL_A	5	120413163	125133630	3152	-0.0205
CCL_A	5	125133631	125195403	47	0.397
CCL_A	5	125195404	125868200	466	-0.0865
CCL_A	5	125868201	125870755	2	-1.6908
CCL_A	5	125870756	132966098	4016	-0.0263
CCL_A	5	132966099	133008511	56	-1.1569
CCL_A	5	133008512	147453149	8838	-0.0144
CCL_A	5	147453150	147457499	2	1.2423
CCL_A	5	147457500	150203852	1841	-0.0376
CCL_A	5	150203853	150223741	9	0.8053
CCL_A	5	150223742	170210490	14007	-0.0993
CCL_A	5	170210491	170211689	2	-1.9264
CCL_A	5	170211690	177213000	4429	-0.0636
CCL_A	5	177213001	177243785	3	-1.8549
CCL_A	5	177243786	180790320	1999	-0.0514
CCL_A	6	149661	1984144	1580	-0.071
CCL_A	6	1984145	2153289	108	-0.9794
CCL_A	6	2153290	2604682	327	-0.012
CCL_A	6	2604683	2606997	2	-2.2807
CCL_A	6	2606998	6030071	2826	-0.0702
CCL_A	6	6030072	6035740	3	-3.3185
CCL_A	6	6035741	8926428	2348	-0.055
CCL_A	6	8926429	8928240	2	-3.6687
CCL_A	6	8928241	18789267	7353	-0.0996
CCL_A	6	18789268	18790697	2	-2.4938
CCL_A	6	18790698	23743844	3640	-0.0522
CCL_A	6	23743845	23746581	2	-3.3174
CCL_A	6	23746582	29837129	3485	-0.082
CCL_A	6	29837130	29905022	37	-1.1341
CCL_A	6	29905023	31283549	647	-0.0444
CCL_A	6	31283550	31295679	7	-2.262
CCL_A	6	31295680	32582046	553	0.0396
CCL_A	6	32582047	32638615	24	-0.7287
CCL_A	6	32638616	36289279	2071	-0.0462
CCL_A	6	36289280	36296310	4	-1.3383
CCL_A	6	36296311	53931075	11636	-0.0415
CCL_A	6	53931076	53931190	2	1.9608
CCL_A	6	53931191	62040546	2628	-0.0157
CCL_A	6	62040547	62042319	2	1.7202
CCL_A	6	62042320	62442015	196	-0.0519
CCL_A	6	62442016	62466184	13	-0.7938
CCL_A	6	62466185	65342243	1516	0.0311
CCL_A	6	65342244	65349884	2	-2.8007
CCL_A	6	65349885	67008274	1103	-0.0416
CCL_A	6	67008275	67049017	56	-0.8543
CCL_A	6	67049018	74592041	4992	-0.0507
CCL_A	6	74592042	74597315	8	-0.9694
CCL_A	6	74597316	77436345	1769	-0.0057
CCL_A	6	77436346	77456915	22	-0.69
CCL_A	6	77456916	79329763	1296	0.0351
CCL_A	6	79329764	79332372	2	-1.5987
CCL_A	6	79332373	103736402	15257	-0.0319
CCL_A	6	103736403	103751720	20	0.5725
CCL_A	6	103751721	114223398	6686	-0.044
CCL_A	6	114223399	114225413	2	1.6554
CCL_A	6	114225414	124433857	6012	-0.0352
CCL_A	6	124433858	124470563	20	0.4771
CCL_A	6	124470564	134267669	6351	-0.0425
CCL_A	6	134267670	134270852	2	-2.4762
CCL_A	6	134270853	154962274	13899	-0.039
CCL_A	6	154962275	154965390	2	-2.9191
CCL_A	6	154965391	168332400	9326	-0.0701
CCL_A	6	168332401	168597998	181	0.6045
CCL_A	6	168597999	171051005	1687	-0.0394
CCL_A	7	43355	3725480	1737	-0.0341
CCL_A	7	3725481	3727822	2	2.691
CCL_A	7	3727823	4492824	622	-0.0998
CCL_A	7	4492825	4609733	91	-0.9386
CCL_A	7	4609734	4679117	64	-0.1329
CCL_A	7	4679118	4685493	4	-1.7172
CCL_A	7	4685494	15431651	7874	-0.0128
CCL_A	7	15431652	15433677	2	-2.2736
CCL_A	7	15433678	39913137	18163	-0.0351
CCL_A	7	39913138	39915549	3	-1.4769
CCL_A	7	39915550	107810690	37622	-0.0428
CCL_A	7	107810691	107811740	3	1.3361
CCL_A	7	107811741	109435445	1067	0.0045
CCL_A	7	109435446	109441436	25	-0.5789
CCL_A	7	109441437	109453946	10	-2.5255
CCL_A	7	109453947	133217701	14360	-0.0377
CCL_A	7	133217702	133232815	11	-1.2559
CCL_A	7	133232816	133657111	277	0.0307
CCL_A	7	133657112	133776945	77	-0.9822
CCL_A	7	133776946	133799000	41	-0.4051
CCL_A	7	133799001	133868375	44	-1.1735
CCL_A	7	133868376	143885102	6497	-0.069
CCL_A	7	143885103	144070938	44	1.0558
CCL_A	7	144070939	159127004	9665	-0.053
CCL_A	8	31254	594958	326	-0.0322
CCL_A	8	594959	598475	9	-0.7745
CCL_A	8	598476	7244199	7497	-0.1025
CCL_A	8	7244200	7793360	146	-0.5329
CCL_A	8	7793361	12017715	3289	-0.0956
CCL_A	8	12017716	12286472	63	-0.758
CCL_A	8	12286473	16682849	3920	-0.0619
CCL_A	8	16682850	16718749	42	-0.9499
CCL_A	8	16718750	17536079	733	0.0582
CCL_A	8	17536080	17537657	2	-1.8621
CCL_A	8	17537658	21387490	3486	-0.0018
CCL_A	8	21387491	21392652	2	1.959
CCL_A	8	21392653	24974499	2267	-0.0055
CCL_A	8	24974500	24987718	25	-2.6898
CCL_A	8	24987719	39352654	9054	-0.0139
CCL_A	8	39352655	39356555	2	1.5574
CCL_A	8	39356556	54246262	6741	-0.0506
CCL_A	8	54246263	54249099	2	-1.8327
CCL_A	8	54249100	58115912	2458	-0.057
CCL_A	8	58115913	58131411	5	-1.1791
CCL_A	8	58131412	58343683	156	-0.0437
CCL_A	8	58343684	58349382	7	0.9025
CCL_A	8	58349383	89173607	18535	-0.0784
CCL_A	8	89173608	95556504	3817	0.8502
CCL_A	8	95556505	95573447	32	0.4949
CCL_A	8	95573448	100097445	2883	0.8367
CCL_A	8	100097446	100554290	236	0.4772
CCL_A	8	100554291	109231292	5424	0.876
CCL_A	8	109231293	112292886	1700	1.2136
CCL_A	8	112292887	112295252	9	-2.342
CCL_A	8	112295253	146298155	22883	1.139
CCL_A	9	46587	604801	512	0.0151
CCL_A	9	604802	607134	4	2.3801
CCL_A	9	607135	24503970	20694	-0.0811
CCL_A	9	24503971	24518683	19	-1.3213
CCL_A	9	24518684	43607444	10087	-0.0514
CCL_A	9	43607445	44176569	39	-0.5278
CCL_A	9	44176570	44247866	18	-0.0097
CCL_A	9	44247867	44839222	53	-1.0607
CCL_A	9	44839223	138212736	47169	-0.0438
CCL_A	9	138212737	138216017	2	2.0563
CCL_A	9	138216018	140242613	691	-0.0284
CCL_A	9	140242614	140264418	8	0.8698
CCL_A	9	140264419	141091394	411	-0.0246
CCL_A	10	72759	97965	4	-0.1712
CCL_A	10	97966	4290826	3574	0.5014
CCL_A	10	4290827	4290970	2	-1.6235
CCL_A	10	4290971	11577957	6296	0.5156
CCL_A	10	11577958	18179543	4993	-0.0463
CCL_A	10	18179544	18211730	3	1.9718
CCL_A	10	18211731	24376468	4327	-0.0311
CCL_A	10	24376469	24377919	8	-2.1397
CCL_A	10	24377920	46804397	12297	-0.0447
CCL_A	10	46804398	46931892	3	-2.9822
CCL_A	10	46931893	57180197	6066	-0.0511
CCL_A	10	57180198	57180319	3	-1.9431
CCL_A	10	57180320	57652151	366	-0.0313
CCL_A	10	57652152	57654092	2	2.457
CCL_A	10	57654093	58516530	549	0.0145
CCL_A	10	58516531	58529794	38	-0.9212
CCL_A	10	58529795	65114790	4676	-0.0025
CCL_A	10	65114791	65356219	108	-1.0005
CCL_A	10	65356220	105402525	25799	-0.0507
CCL_A	10	105402526	105416623	9	-1.0435
CCL_A	10	105416624	135506704	21700	-0.0518
CCL_A	11	198510	4967883	2469	-0.0247
CCL_A	11	4967884	4976513	35	-1.5675
CCL_A	11	4976514	6119311	1070	-0.0673
CCL_A	11	6119312	6122298	2	-2.844
CCL_A	11	6122299	18944971	9146	-0.0339
CCL_A	11	18944972	18959457	34	-0.5107
CCL_A	11	18959458	134944770	74147	-0.0456
CCL_A	12	150442	2240875	1261	-0.0307
CCL_A	12	2240876	2257971	40	-2.4664
CCL_A	12	2257972	8557590	4296	-0.1018
CCL_A	12	8557591	8559113	5	-2.1086
CCL_A	12	8559114	9635889	580	-0.1752
CCL_A	12	9635890	9731630	24	-2.0781
CCL_A	12	9731631	11236525	1048	-0.1157
CCL_A	12	11236526	11246703	3	-2.774
CCL_A	12	11246704	20654843	6397	0.0147
CCL_A	12	20654844	20764017	63	-0.9622
CCL_A	12	20764018	34250255	9708	-0.0315
CCL_A	12	34250256	34275600	13	-1.0166
CCL_A	12	34275601	43245912	3413	-0.0508
CCL_A	12	43245913	43248493	2	2.4682
CCL_A	12	43248494	93792164	30996	-0.015
CCL_A	12	93792165	93796086	2	1.5345
CCL_A	12	93796087	99995022	4440	-0.0511
CCL_A	12	99995023	100008110	11	-1.615
CCL_A	12	100008111	130002038	20205	-0.0516
CCL_A	12	130002039	130004694	3	-2.9025
CCL_A	12	130004695	130446158	378	-0.0783
CCL_A	12	130446159	130451746	3	1.7252
CCL_A	12	130451747	132126649	1397	-0.031
CCL_A	12	132126650	132137833	13	-2.4365
CCL_A	12	132137834	133778189	572	-0.0055
CCL_A	13	19026949	20122677	567	-0.0703
CCL_A	13	20122678	20124205	2	-3.9831
CCL_A	13	20124206	32532371	9045	-0.0457
CCL_A	13	32532372	32539235	18	0.547
CCL_A	13	32539236	38071585	3893	-0.0426
CCL_A	13	38071586	38086543	16	-2.165
CCL_A	13	38086544	39055191	699	-0.0097
CCL_A	13	39055192	39061556	2	-2.3816
CCL_A	13	39061557	51545982	8398	-0.0411
CCL_A	13	51545983	51559117	6	1.1193
CCL_A	13	51559118	57763218	3406	-0.0554
CCL_A	13	57763219	57784047	28	1.4866
CCL_A	13	57784048	113533968	37414	-0.0209
CCL_A	13	113533969	113534521	3	1.7926
CCL_A	13	113534522	115108397	654	0.0123
CCL_A	14	19002124	35137510	9835	-0.0037
CCL_A	14	35137511	35146371	4	1.541
CCL_A	14	35146372	71806319	22921	-2e-04
CCL_A	14	71806320	71817638	5	-0.7681
CCL_A	14	71817639	106224107	22132	0.236
CCL_A	14	106224108	106863518	272	1.1301
CCL_A	14	106863519	106877096	8	-0.0032
CCL_A	14	106877097	107156749	185	0.4237
CCL_A	14	107156750	107182015	21	-0.3179
CCL_A	14	107182016	107285437	69	0.2058
CCL_A	15	20016328	21180143	267	0.1087
CCL_A	15	21180144	21190057	2	2.2677
CCL_A	15	21190058	24055112	769	0.0311
CCL_A	15	24055113	24062500	20	-1.3716
CCL_A	15	24062501	30786616	4135	-0.072
CCL_A	15	30786617	30928052	10	1.1156
CCL_A	15	30928053	32023167	699	-0.0749
CCL_A	15	32023168	32027206	5	1.2215
CCL_A	15	32027207	32868344	409	-0.0903
CCL_A	15	32868345	32889983	2	1.6736
CCL_A	15	32889984	76891376	27976	-0.0408
CCL_A	15	76891377	76898977	21	-2.3917
CCL_A	15	76898978	94480257	11697	-0.0542
CCL_A	15	94480258	94485945	3	-1.8749
CCL_A	15	94485946	102336093	5877	-0.0606
CCL_A	15	102336094	102365944	23	0.4892
CCL_A	15	102365945	102469040	32	0.0554
CCL_A	16	60777	29280137	19097	-0.0731
CCL_A	16	29280138	29281410	3	-1.7893
CCL_A	16	29281411	55798492	8161	-0.0529
CCL_A	16	55798493	55801563	2	-2.3808
CCL_A	16	55801564	78454713	14518	-0.0411
CCL_A	16	78454714	78480506	28	-1.2626
CCL_A	16	78480507	78661109	249	-0.1564
CCL_A	16	78661110	78677254	19	-1.7991
CCL_A	16	78677255	78678773	3	-5.4308
CCL_A	16	78678774	78712842	40	-1.3678
CCL_A	16	78712843	78715496	5	-2.703
CCL_A	16	78715497	78933511	283	-1.1886
CCL_A	16	78933512	78956654	25	-0.1142
CCL_A	16	78956655	79089395	222	0.42
CCL_A	16	79089396	79098283	7	0.0354
CCL_A	16	79098284	79170720	81	-1.2833
CCL_A	16	79170721	88634225	8843	-0.0656
CCL_A	16	88634226	88637846	2	2.374
CCL_A	16	88637847	90287535	668	-0.0041
CCL_A	17	526	39423096	20928	-0.0559
CCL_A	17	39423097	39430490	18	0.8756
CCL_A	17	39430491	67885374	16357	-0.0381
CCL_A	17	67885375	67891972	3	1.7393
CCL_A	17	67891973	78629328	6916	-0.0029
CCL_A	17	78629329	78634239	2	2.4942
CCL_A	17	78634240	81049726	958	-0.0088
CCL_A	18	11543	10140455	7427	-0.0339
CCL_A	18	10140456	10143050	5	-1.4329
CCL_A	18	10143051	24365889	6453	-0.0379
CCL_A	18	24365890	24366262	3	-1.5186
CCL_A	18	24366263	40435002	10391	0.1077
CCL_A	18	40435003	40537801	78	-0.5768
CCL_A	18	40537802	41110043	324	0.2257
CCL_A	18	41110044	41340640	147	-0.4556
CCL_A	18	41340641	45538630	2871	0.2136
CCL_A	18	45538631	51460641	4187	-0.414
CCL_A	18	51460642	51592374	111	0.22
CCL_A	18	51592375	52267656	285	0.7266
CCL_A	18	52267657	69734719	12340	-0.4374
CCL_A	18	69734720	69740378	2	1.9479
CCL_A	18	69740379	71325977	1271	-0.4855
CCL_A	18	71325978	71327543	2	1.9189
CCL_A	18	71327544	78015057	4781	-0.5085
CCL_A	19	90910	20178575	8763	-0.0423
CCL_A	19	20178576	20181153	2	-5.1844
CCL_A	19	20181154	41481475	10948	-0.0947
CCL_A	19	41481476	41498003	14	0.5604
CCL_A	19	41498004	43712424	1011	-0.0216
CCL_A	19	43712425	43753405	17	-0.8231
CCL_A	19	43753406	44902324	749	-0.0033
CCL_A	19	44902325	44918793	10	1.0921
CCL_A	19	44918794	59097854	7778	-0.0331
CCL_A	20	61305	1554846	1182	0.1153
CCL_A	20	1554847	1561289	21	-0.773
CCL_A	20	1561290	1595919	41	2.1124
CCL_A	20	1595920	5346198	2740	0.0457
CCL_A	20	5346199	5376518	13	-1.1958
CCL_A	20	5376519	10750908	4269	0.1018
CCL_A	20	10750909	10770460	14	-1.0148
CCL_A	20	10770461	12205796	1051	0.1177
CCL_A	20	12205797	12206016	2	-1.6956
CCL_A	20	12206017	14596236	1676	0.0557
CCL_A	20	14596237	14950761	323	-0.9899
CCL_A	20	14950762	17611783	2466	0.0781
CCL_A	20	17611784	35690604	9046	0.4791
CCL_A	20	35690605	35700310	11	-0.1601
CCL_A	20	35700311	38797491	2136	0.4381
CCL_A	20	38797492	41040364	1600	0.0108
CCL_A	20	41040365	60148327	14528	0.7713
CCL_A	20	60148328	60151593	2	-1.197
CCL_A	20	60151594	62915818	1239	0.836
CCL_A	20	62915819	62956153	6	-0.9255
CCL_A	21	10736871	11041866	81	-0.4915
CCL_A	21	11041867	11099808	16	-1.0651
CCL_A	21	11099809	14378715	21	-0.3917
CCL_A	21	14378716	14441751	11	0.0371
CCL_A	21	14441752	14545667	18	0.7581
CCL_A	21	14545668	43948793	21780	-0.045
CCL_A	21	43948794	44137705	146	0.4948
CCL_A	21	44137706	48096957	2272	-0.0224
CCL_A	22	16052528	42873297	17373	-0.0453
CCL_A	22	42873298	42966563	43	0.4168
CCL_A	22	42966564	51234455	6078	-0.0512
CCL_A	X	168477	19066785	11530	0.0049
CCL_A	X	19066786	19069394	4	-3.991
CCL_A	X	19069395	66554148	24045	0.0143
CCL_A	X	66554149	66556509	2	-5.0772
CCL_A	X	66556510	155182354	48856	0.018
CCL_A	Y	2650438	22264577	6836	-1.1509
CCL_A	Y	22264578	22389408	6	0.9185
CCL_A	Y	22389409	24950993	845	-1.1995
CCL_A	Y	24950994	27012561	396	-1.8879
CCL_A	Y	27012562	27031759	3	0.4214
CCL_A	Y	27031760	28454676	370	-1.8072
CCL_A	Y	28454677	59018259	174	-1.1856
